  0.000000000000000E+000  0.000000000000000E+000 -0.196130718369373     
  0.000000000000000E+000  0.305320839087168      -0.193938051095092     
  0.000000000000000E+000  0.610641678174337      -0.185072684150512     
  0.000000000000000E+000  0.915962517261505      -0.177240936416719     
  0.000000000000000E+000   1.22128335634867      -0.170142087502744     
  0.000000000000000E+000   1.52660419543584      -0.163608537698729     
  0.000000000000000E+000   1.83192503452301      -0.157339911446970     
  0.000000000000000E+000   2.13724587361018      -0.151014045439319     
  0.000000000000000E+000   2.44256671269735      -0.144333552385043     
  0.000000000000000E+000   2.74788755178452      -0.137292252398990     
  0.000000000000000E+000   3.05320839087168      -0.130982299286141     
  0.000000000000000E+000   3.35852922995885      -0.127508479630240     
  0.000000000000000E+000   3.66385006904602      -0.124538680044418     
  0.000000000000000E+000   3.96917090813319      -0.119152789870876     
  0.000000000000000E+000   4.27449174722036      -0.112939560532226     
  0.000000000000000E+000   4.57981258630753      -0.105085813807462     
  0.000000000000000E+000   4.88513342539469      -9.772454751731688E-002
  0.000000000000000E+000   5.19045426448186      -9.175110093142796E-002
  0.000000000000000E+000   5.49577510356903      -8.707590593196214E-002
  0.000000000000000E+000   5.80109594265620      -8.386024650808122E-002
  0.000000000000000E+000   6.10641678174337      -8.190594584714853E-002
  0.000000000000000E+000   6.41173762083054      -8.073776800970907E-002
  0.000000000000000E+000   6.71705845991770      -7.963139231621844E-002
  0.000000000000000E+000   7.02237929900487      -7.807005544570081E-002
  0.000000000000000E+000   7.32770013809204      -7.555838664456313E-002
  0.305320839087168       0.000000000000000E+000 -0.212266523437451     
  0.305320839087168       0.305320839087168      -0.207668767711473     
  0.305320839087168       0.610641678174337      -0.200345874730482     
  0.305320839087168       0.915962517261505      -0.193023748366949     
  0.305320839087168        1.22128335634867      -0.185296171578951     
  0.305320839087168        1.52660419543584      -0.177897833702599     
  0.305320839087168        1.83192503452301      -0.170680088727301     
  0.305320839087168        2.13724587361018      -0.163173298162235     
  0.305320839087168        2.44256671269735      -0.155178199774900     
  0.305320839087168        2.74788755178452      -0.146537069094037     
  0.305320839087168        3.05320839087168      -0.138073525059392     
  0.305320839087168        3.35852922995885      -0.131918747177572     
  0.305320839087168        3.66385006904602      -0.128142071527397     
  0.305320839087168        3.96917090813319      -0.122810455201636     
  0.305320839087168        4.27449174722036      -0.116144321586657     
  0.305320839087168        4.57981258630753      -0.108545691368380     
  0.305320839087168        4.88513342539469      -0.101320185533042     
  0.305320839087168        5.19045426448186      -9.520375577571122E-002
  0.305320839087168        5.49577510356903      -9.023024953010869E-002
  0.305320839087168        5.80109594265620      -8.660648124048023E-002
  0.305320839087168        6.10641678174337      -8.412873048875401E-002
  0.305320839087168        6.41173762083054      -8.226517134524149E-002
  0.305320839087168        6.71705845991770      -8.023646260829358E-002
  0.305320839087168        7.02237929900487      -7.821473578660855E-002
  0.305320839087168        7.32770013809204      -7.668693232548922E-002
  0.610641678174337       0.000000000000000E+000 -0.230039113481093     
  0.610641678174337       0.305320839087168      -0.227260221271858     
  0.610641678174337       0.610641678174337      -0.220181453938986     
  0.610641678174337       0.915962517261505      -0.211065821550029     
  0.610641678174337        1.22128335634867      -0.201829812142269     
  0.610641678174337        1.52660419543584      -0.193252652068540     
  0.610641678174337        1.83192503452301      -0.184947067800152     
  0.610641678174337        2.13724587361018      -0.176302789664108     
  0.610641678174337        2.44256671269735      -0.167208523595754     
  0.610641678174337        2.74788755178452      -0.157518955366779     
  0.610641678174337        3.05320839087168      -0.147732055155621     
  0.610641678174337        3.35852922995885      -0.139162928396312     
  0.610641678174337        3.66385006904602      -0.132462834691959     
  0.610641678174337        3.96917090813319      -0.126208452401903     
  0.610641678174337        4.27449174722036      -0.119278043729939     
  0.610641678174337        4.57981258630753      -0.111900419045382     
  0.610641678174337        4.88513342539469      -0.104891566409572     
  0.610641678174337        5.19045426448186      -9.866453591315387E-002
  0.610641678174337        5.49577510356903      -9.342270821223747E-002
  0.610641678174337        5.80109594265620      -8.931667514679595E-002
  0.610641678174337        6.10641678174337      -8.621342057435703E-002
  0.610641678174337        6.41173762083054      -8.367843631756207E-002
  0.610641678174337        6.71705845991770      -8.123659267280633E-002
  0.610641678174337        7.02237929900487      -7.889670075645595E-002
  0.610641678174337        7.32770013809204      -7.633506600627099E-002
  0.915962517261505       0.000000000000000E+000 -0.252753145029105     
  0.915962517261505       0.305320839087168      -0.249699977729236     
  0.915962517261505       0.610641678174337      -0.241551066821666     
  0.915962517261505       0.915962517261505      -0.230850912628674     
  0.915962517261505        1.22128335634867      -0.219927833054314     
  0.915962517261505        1.52660419543584      -0.209680537888076     
  0.915962517261505        1.83192503452301      -0.199794602733738     
  0.915962517261505        2.13724587361018      -0.189841503387106     
  0.915962517261505        2.44256671269735      -0.179675902510682     
  0.915962517261505        2.74788755178452      -0.169144266175169     
  0.915962517261505        3.05320839087168      -0.158467915600287     
  0.915962517261505        3.35852922995885      -0.148367450153330     
  0.915962517261505        3.66385006904602      -0.139373054133959     
  0.915962517261505        3.96917090813319      -0.131210621454177     
  0.915962517261505        4.27449174722036      -0.123361203974822     
  0.915962517261505        4.57981258630753      -0.115783238460396     
  0.915962517261505        4.88513342539469      -0.108662636136325     
  0.915962517261505        5.19045426448186      -0.102202293869316     
  0.915962517261505        5.49577510356903      -9.662421988803925E-002
  0.915962517261505        5.80109594265620      -9.200636180654209E-002
  0.915962517261505        6.10641678174337      -8.824267460975563E-002
  0.915962517261505        6.41173762083054      -8.503873961796192E-002
  0.915962517261505        6.71705845991770      -8.207607615805322E-002
  0.915962517261505        7.02237929900487      -7.911133017089993E-002
  0.915962517261505        7.32770013809204      -7.586548338752401E-002
   1.22128335634867       0.000000000000000E+000 -0.282227035562986     
   1.22128335634867       0.305320839087168      -0.278668648480780     
   1.22128335634867       0.610641678174337      -0.269150914713738     
   1.22128335634867       0.915962517261505      -0.256163229703627     
   1.22128335634867        1.22128335634867      -0.242208530122662     
   1.22128335634867        1.52660419543584      -0.228690965556871     
   1.22128335634867        1.83192503452301      -0.215807574112699     
   1.22128335634867        2.13724587361018      -0.203601763407237     
   1.22128335634867        2.44256671269735      -0.191907764774403     
   1.22128335634867        2.74788755178452      -0.180297114752879     
   1.22128335634867        3.05320839087168      -0.168660659649715     
   1.22128335634867        3.35852922995885      -0.157325302345084     
   1.22128335634867        3.66385006904602      -0.146701695033110     
   1.22128335634867        3.96917090813319      -0.136970798307261     
   1.22128335634867        4.27449174722036      -0.128113154503606     
   1.22128335634867        4.57981258630753      -0.120018152448565     
   1.22128335634867        4.88513342539469      -0.112572440120799     
   1.22128335634867        5.19045426448186      -0.105793922558091     
   1.22128335634867        5.49577510356903      -9.978630855446419E-002
   1.22128335634867        5.80109594265620      -9.461237183406328E-002
   1.22128335634867        6.10641678174337      -9.016903010891390E-002
   1.22128335634867        6.41173762083054      -8.624201444491321E-002
   1.22128335634867        6.71705845991770      -8.259702609975308E-002
   1.22128335634867        7.02237929900487      -7.902657318179115E-002
   1.22128335634867        7.32770013809204      -7.541690843993326E-002
   1.52660419543584       0.000000000000000E+000 -0.329840131980008     
   1.52660419543584       0.305320839087168      -0.325065300442243     
   1.52660419543584       0.610641678174337      -0.312004233252988     
   1.52660419543584       0.915962517261505      -0.293683348230788     
   1.52660419543584        1.22128335634867      -0.273310157561314     
   1.52660419543584        1.52660419543584      -0.253097773574914     
   1.52660419543584        1.83192503452301      -0.234331686893628     
   1.52660419543584        2.13724587361018      -0.218003047122165     
   1.52660419543584        2.44256671269735      -0.203699206564200     
   1.52660419543584        2.74788755178452      -0.190494540493174     
   1.52660419543584        3.05320839087168      -0.177709725773559     
   1.52660419543584        3.35852922995885      -0.165235890420028     
   1.52660419543584        3.66385006904602      -0.153386108004043     
   1.52660419543584        3.96917090813319      -0.142534577942524     
   1.52660419543584        4.27449174722036      -0.132848556658495     
   1.52660419543584        4.57981258630753      -0.124227549185648     
   1.52660419543584        4.88513342539469      -0.116441079112137     
   1.52660419543584        5.19045426448186      -0.109322420156012     
   1.52660419543584        5.49577510356903      -0.102846327382035     
   1.52660419543584        5.80109594265620      -9.705498267720518E-002
   1.52660419543584        6.10641678174337      -9.192488408796395E-002
   1.52660419543584        6.41173762083054      -8.729402930538471E-002
   1.52660419543584        6.71705845991770      -8.300220189127497E-002
   1.52660419543584        7.02237929900487      -7.893196494694860E-002
   1.52660419543584        7.32770013809204      -7.505806423420182E-002
   1.83192503452301       0.000000000000000E+000 -0.407599121934998     
   1.83192503452301       0.305320839087168      -0.400026657775933     
   1.83192503452301       0.610641678174337      -0.379523513212325     
   1.83192503452301       0.915962517261505      -0.350457961401062     
   1.83192503452301        1.22128335634867      -0.317416665404024     
   1.83192503452301        1.52660419543584      -0.285143955268365     
   1.83192503452301        1.83192503452301      -0.256942090284672     
   1.83192503452301        2.13724587361018      -0.233895257203312     
   1.83192503452301        2.44256671269735      -0.215313044019826     
   1.83192503452301        2.74788755178452      -0.199654680807902     
   1.83192503452301        3.05320839087168      -0.185480420452037     
   1.83192503452301        3.35852922995885      -0.172038689650147     
   1.83192503452301        3.66385006904602      -0.159306563985073     
   1.83192503452301        3.96917090813319      -0.147625163924269     
   1.83192503452301        4.27449174722036      -0.137260698218687     
   1.83192503452301        4.57981258630753      -0.128169950584544     
   1.83192503452301        4.88513342539469      -0.120059567193830     
   1.83192503452301        5.19045426448186      -0.112614974630975     
   1.83192503452301        5.49577510356903      -0.105682749745326     
   1.83192503452301        5.80109594265620      -9.927560592073958E-002
   1.83192503452301        6.10641678174337      -9.344327773275844E-002
   1.83192503452301        6.41173762083054      -8.815494845963172E-002
   1.83192503452301        6.71705845991770      -8.330606303735616E-002
   1.83192503452301        7.02237929900487      -7.883119850996891E-002
   1.83192503452301        7.32770013809204      -7.473924769562855E-002
   2.13724587361018       0.000000000000000E+000 -0.527719372612036     
   2.13724587361018       0.305320839087168      -0.514347462546933     
   2.13724587361018       0.610641678174337      -0.478333520585020     
   2.13724587361018       0.915962517261505      -0.428856656796110     
   2.13724587361018        1.22128335634867      -0.375739384940690     
   2.13724587361018        1.52660419543584      -0.326334450720026     
   2.13724587361018        1.83192503452301      -0.284714787401500     
   2.13724587361018        2.13724587361018      -0.252016070186890     
   2.13724587361018        2.44256671269735      -0.227179927086078     
   2.13724587361018        2.74788755178452      -0.207948806752871     
   2.13724587361018        3.05320839087168      -0.191963407584855     
   2.13724587361018        3.35852922995885      -0.177604874112651     
   2.13724587361018        3.66385006904602      -0.164257558769821     
   2.13724587361018        3.96917090813319      -0.152014326981555     
   2.13724587361018        4.27449174722036      -0.141138862729403     
   2.13724587361018        4.57981258630753      -0.131650399277172     
   2.13724587361018        4.88513342539469      -0.123244109652934     
   2.13724587361018        5.19045426448186      -0.115500520500410     
   2.13724587361018        5.49577510356903      -0.108149150175329     
   2.13724587361018        5.80109594265620      -0.101162951513101     
   2.13724587361018        6.10641678174337      -9.465388084733367E-002
   2.13724587361018        6.41173762083054      -8.871390522389609E-002
   2.13724587361018        6.71705845991770      -8.335221004628328E-002
   2.13724587361018        7.02237929900487      -7.854538329448588E-002
   2.13724587361018        7.32770013809204      -7.429292512841372E-002
   2.44256671269735       0.000000000000000E+000 -0.704227565156635     
   2.44256671269735       0.305320839087168      -0.679596976538843     
   2.44256671269735       0.610641678174337      -0.614838912149674     
   2.44256671269735       0.915962517261505      -0.531949667982301     
   2.44256671269735        1.22128335634867      -0.449179454596110     
   2.44256671269735        1.52660419543584      -0.376370453080436     
   2.44256671269735        1.83192503452301      -0.317307200398319     
   2.44256671269735        2.13724587361018      -0.272288129241800     
   2.44256671269735        2.44256671269735      -0.239432598482392     
   2.44256671269735        2.74788755178452      -0.215574920174802     
   2.44256671269735        3.05320839087168      -0.197306455739679     
   2.44256671269735        3.35852922995885      -0.181975797790998     
   2.44256671269735        3.66385006904602      -0.168177880062200     
   2.44256671269735        3.96917090813319      -0.155582966842561     
   2.44256671269735        4.27449174722036      -0.144350716943702     
   2.44256671269735        4.57981258630753      -0.134542371192802     
   2.44256671269735        4.88513342539469      -0.125873388751147     
   2.44256671269735        5.19045426448186      -0.117860489056865     
   2.44256671269735        5.49577510356903      -0.110135000455375     
   2.44256671269735        5.80109594265620      -0.102618206529875     
   2.44256671269735        6.10641678174337      -9.545405910361533E-002
   2.44256671269735        6.41173762083054      -8.882952195365515E-002
   2.44256671269735        6.71705845991770      -8.287534150567907E-002
   2.44256671269735        7.02237929900487      -7.769284879036259E-002
   2.44256671269735        7.32770013809204      -7.334988258459169E-002
   2.74788755178452       0.000000000000000E+000 -0.943460250379835     
   2.74788755178452       0.305320839087168      -0.904029773066408     
   2.74788755178452       0.610641678174337      -0.799311697248879     
   2.74788755178452       0.915962517261505      -0.663111583495829     
   2.74788755178452        1.22128335634867      -0.535232961116662     
   2.74788755178452        1.52660419543584      -0.431878795597658     
   2.74788755178452        1.83192503452301      -0.352190756272102     
   2.74788755178452        2.13724587361018      -0.293289656016986     
   2.74788755178452        2.44256671269735      -0.251511901019111     
   2.74788755178452        2.74788755178452      -0.222478979209973     
   2.74788755178452        3.05320839087168      -0.201651073392209     
   2.74788755178452        3.35852922995885      -0.185285581921077     
   2.74788755178452        3.66385006904602      -0.171111991528812     
   2.74788755178452        3.96917090813319      -0.158298655657329     
   2.74788755178452        4.27449174722036      -0.146833583819062     
   2.74788755178452        4.57981258630753      -0.136785472084898     
   2.74788755178452        4.88513342539469      -0.127895846741150     
   2.74788755178452        5.19045426448186      -0.119648284191050     
   2.74788755178452        5.49577510356903      -0.111598022895495     
   2.74788755178452        5.80109594265620      -0.103603053376970     
   2.74788755178452        6.10641678174337      -9.578930932205555E-002
   2.74788755178452        6.41173762083054      -8.836706912411590E-002
   2.74788755178452        6.71705845991770      -8.163972737728961E-002
   2.74788755178452        7.02237929900487      -7.610105574814324E-002
   2.74788755178452        7.32770013809204      -7.185812444776633E-002
   3.05320839087168       0.000000000000000E+000  -1.20900351667719     
   3.05320839087168       0.305320839087168       -1.15451593629011     
   3.05320839087168       0.610641678174337       -1.00409171814879     
   3.05320839087168       0.915962517261505      -0.808893600962044     
   3.05320839087168        1.22128335634867      -0.624545498490651     
   3.05320839087168        1.52660419543584      -0.485364138451742     
   3.05320839087168        1.83192503452301      -0.384468047016681     
   3.05320839087168        2.13724587361018      -0.312230971773447     
   3.05320839087168        2.44256671269735      -0.262094202335423     
   3.05320839087168        2.74788755178452      -0.228217814183578     
   3.05320839087168        3.05320839087168      -0.204970546219229     
   3.05320839087168        3.35852922995885      -0.187620815574027     
   3.05320839087168        3.66385006904602      -0.173120020282797     
   3.05320839087168        3.96917090813319      -0.160172822431769     
   3.05320839087168        4.27449174722036      -0.148574682573550     
   3.05320839087168        4.57981258630753      -0.138367052035102     
   3.05320839087168        4.88513342539469      -0.129310434491663     
   3.05320839087168        5.19045426448186      -0.120875273845151     
   3.05320839087168        5.49577510356903      -0.112562081985552     
   3.05320839087168        5.80109594265620      -0.104156084264823     
   3.05320839087168        6.10641678174337      -9.569665352432082E-002
   3.05320839087168        6.41173762083054      -8.732542284597614E-002
   3.05320839087168        6.71705845991770      -7.970924858856462E-002
   3.05320839087168        7.02237929900487      -7.387158699910319E-002
   3.05320839087168        7.32770013809204      -6.997903114636941E-002
   3.35852922995885       0.000000000000000E+000  -1.41686256328180     
   3.35852922995885       0.305320839087168       -1.35681794330263     
   3.35852922995885       0.610641678174337       -1.17444577578181     
   3.35852922995885       0.915962517261505      -0.927041048418768     
   3.35852922995885        1.22128335634867      -0.696970457471689     
   3.35852922995885        1.52660419543584      -0.525466084128941     
   3.35852922995885        1.83192503452301      -0.407740791489787     
   3.35852922995885        2.13724587361018      -0.325616241225864     
   3.35852922995885        2.44256671269735      -0.269449369269902     
   3.35852922995885        2.74788755178452      -0.232092443714571     
   3.35852922995885        3.05320839087168      -0.207085566921666     
   3.35852922995885        3.35852922995885      -0.188998624874338     
   3.35852922995885        3.66385006904602      -0.174253759250336     
   3.35852922995885        3.96917090813319      -0.161242363083871     
   3.35852922995885        4.27449174722036      -0.149592463676864     
   3.35852922995885        4.57981258630753      -0.139299882674392     
   3.35852922995885        4.88513342539469      -0.130139606451201     
   3.35852922995885        5.19045426448186      -0.121582077651208     
   3.35852922995885        5.49577510356903      -0.113092671512015     
   3.35852922995885        5.80109594265620      -0.104389725297511     
   3.35852922995885        6.10641678174337      -9.537871168205217E-002
   3.35852922995885        6.41173762083054      -8.614788214859193E-002
   3.35852922995885        6.71705845991770      -7.762483276572299E-002
   3.35852922995885        7.02237929900487      -7.159594253619370E-002
   3.35852922995885        7.32770013809204      -6.810247888564602E-002
   3.66385006904602       0.000000000000000E+000  -1.56354329597101     
   3.66385006904602       0.305320839087168       -1.43646275676837     
   3.66385006904602       0.610641678174337       -1.24142733186560     
   3.66385006904602       0.915962517261505      -0.973194890073339     
   3.66385006904602        1.22128335634867      -0.725098099549673     
   3.66385006904602        1.52660419543584      -0.540555002876219     
   3.66385006904602        1.83192503452301      -0.416281972307031     
   3.66385006904602        2.13724587361018      -0.330472315134484     
   3.66385006904602        2.44256671269735      -0.272097929867350     
   3.66385006904602        2.74788755178452      -0.233470579538335     
   3.66385006904602        3.05320839087168      -0.207815588683195     
   3.66385006904602        3.35852922995885      -0.189448547507763     
   3.66385006904602        3.66385006904602      -0.174608201029844     
   3.66385006904602        3.96917090813319      -0.161582649407295     
   3.66385006904602        4.27449174722036      -0.149925576709477     
   3.66385006904602        4.57981258630753      -0.139607997139587     
   3.66385006904602        4.88513342539469      -0.130412504916481     
   3.66385006904602        5.19045426448186      -0.121812278190947     
   3.66385006904602        5.49577510356903      -0.113259955743835     
   3.66385006904602        5.80109594265620      -0.104445088712256     
   3.66385006904602        6.10641678174337      -9.520648270722115E-002
   3.66385006904602        6.41173762083054      -8.560961408631203E-002
   3.66385006904602        6.71705845991770      -7.666038590975756E-002
   3.66385006904602        7.02237929900487      -7.057698941719144E-002
   3.66385006904602        7.32770013809204      -6.645564560373449E-002
   3.96917090813319       0.000000000000000E+000  -1.41686697862360     
   3.96917090813319       0.305320839087168       -1.35685125478093     
   3.96917090813319       0.610641678174337       -1.17447883282283     
   3.96917090813319       0.915962517261505      -0.927065083764247     
   3.96917090813319        1.22128335634867      -0.696986238601977     
   3.96917090813319        1.52660419543584      -0.525476679679995     
   3.96917090813319        1.83192503452301      -0.407748667736039     
   3.96917090813319        2.13724587361018      -0.325622626125256     
   3.96917090813319        2.44256671269735      -0.269455133431894     
   3.96917090813319        2.74788755178452      -0.232098266161799     
   3.96917090813319        3.05320839087168      -0.207091800982291     
   3.96917090813319        3.35852922995885      -0.189005291665241     
   3.96917090813319        3.66385006904602      -0.174260679623534     
   3.96917090813319        3.96917090813319      -0.161249172167990     
   3.96917090813319        4.27449174722036      -0.149598792089253     
   3.96917090813319        4.57981258630753      -0.139305453053770     
   3.96917090813319        4.88513342539469      -0.130144184826863     
   3.96917090813319        5.19045426448186      -0.121585563244405     
   3.96917090813319        5.49577510356903      -0.113095057885100     
   3.96917090813319        5.80109594265620      -0.104390973477360     
   3.96917090813319        6.10641678174337      -9.537828005876703E-002
   3.96917090813319        6.41173762083054      -8.614481404489228E-002
   3.96917090813319        6.71705845991770      -7.761899218957274E-002
   3.96917090813319        7.02237929900487      -7.158973444649409E-002
   3.96917090813319        7.32770013809204      -6.810306161475985E-002
   4.27449174722036       0.000000000000000E+000  -1.20901052678573     
   4.27449174722036       0.305320839087168       -1.15455135629120     
   4.27449174722036       0.610641678174337       -1.00413396535273     
   4.27449174722036       0.915962517261505      -0.808928384823288     
   4.27449174722036        1.22128335634867      -0.624569959054676     
   4.27449174722036        1.52660419543584      -0.485381864195795     
   4.27449174722036        1.83192503452301      -0.384481716460197     
   4.27449174722036        2.13724587361018      -0.312242312730168     
   4.27449174722036        2.44256671269735      -0.262104800611123     
   4.27449174722036        2.74788755178452      -0.228228810041508     
   4.27449174722036        3.05320839087168      -0.204982523367126     
   4.27449174722036        3.35852922995885      -0.187633775435142     
   4.27449174722036        3.66385006904602      -0.173133445251215     
   4.27449174722036        3.96917090813319      -0.160186050079021     
   4.27449174722036        4.27449174722036      -0.148587066806560     
   4.27449174722036        4.57981258630753      -0.138378062265022     
   4.27449174722036        4.88513342539469      -0.129319719798839     
   4.27449174722036        5.19045426448186      -0.120882707455776     
   4.27449174722036        5.49577510356903      -0.112567665000479     
   4.27449174722036        5.80109594265620      -0.104159875166943     
   4.27449174722036        6.10641678174337      -9.569825027976817E-002
   4.27449174722036        6.41173762083054      -8.732366773089849E-002
   4.27449174722036        6.71705845991770      -7.970472982811568E-002
   4.27449174722036        7.02237929900487      -7.386784027334978E-002
   4.27449174722036        7.32770013809204      -6.998171349682378E-002
   4.57981258630753       0.000000000000000E+000 -0.943466922806690     
   4.57981258630753       0.305320839087168      -0.904057785950359     
   4.57981258630753       0.610641678174337      -0.799347871599925     
   4.57981258630753       0.915962517261505      -0.663144172947443     
   4.57981258630753        1.22128335634867      -0.535258760410919     
   4.57981258630753        1.52660419543584      -0.431898958496447     
   4.57981258630753        1.83192503452301      -0.352206877702951     
   4.57981258630753        2.13724587361018      -0.293303646045773     
   4.57981258630753        2.44256671269735      -0.251525639178570     
   4.57981258630753        2.74788755178452      -0.222493942598568     
   4.57981258630753        3.05320839087168      -0.201667787988198     
   4.57981258630753        3.35852922995885      -0.185303798892031     
   4.57981258630753        3.66385006904602      -0.171130928407153     
   4.57981258630753        3.96917090813319      -0.158317376495226     
   4.57981258630753        4.27449174722036      -0.146851299710778     
   4.57981258630753        4.57981258630753      -0.136801567471173     
   4.57981258630753        4.88513342539469      -0.127909999327275     
   4.57981258630753        5.19045426448186      -0.119660337101998     
   4.57981258630753        5.49577510356903      -0.111608055450949     
   4.57981258630753        5.80109594265620      -0.103611199139516     
   4.57981258630753        6.10641678174337      -9.579561607599747E-002
   4.57981258630753        6.41173762083054      -8.837116414124364E-002
   4.57981258630753        6.71705845991770      -8.164202476682914E-002
   4.57981258630753        7.02237929900487      -7.610442060669606E-002
   4.57981258630753        7.32770013809204      -7.186568928811578E-002
   4.88513342539469       0.000000000000000E+000 -0.704232286107149     
   4.88513342539469       0.305320839087168      -0.679615796140541     
   4.88513342539469       0.610641678174337      -0.614864552186485     
   4.88513342539469       0.915962517261505      -0.531975412273376     
   4.88513342539469        1.22128335634867      -0.449201969990167     
   4.88513342539469        1.52660419543584      -0.376388842706264     
   4.88513342539469        1.83192503452301      -0.317322405220511     
   4.88513342539469        2.13724587361018      -0.272302112094207     
   4.88513342539469        2.44256671269735      -0.239447449880199     
   4.88513342539469        2.74788755178452      -0.215592107729228     
   4.88513342539469        3.05320839087168      -0.197326278103779     
   4.88513342539469        3.35852922995885      -0.181997629293034     
   4.88513342539469        3.66385006904602      -0.168200615507003     
   4.88513342539469        3.96917090813319      -0.155605577300924     
   4.88513342539469        4.27449174722036      -0.144372459852808     
   4.88513342539469        4.57981258630753      -0.134562797036994     
   4.88513342539469        4.88513342539469      -0.125892240190980     
   4.88513342539469        5.19045426448186      -0.117877683985524     
   4.88513342539469        5.49577510356903      -0.110150521921081     
   4.88513342539469        5.80109594265620      -0.102632217550881     
   4.88513342539469        6.10641678174337      -9.546677538665774E-002
   4.88513342539469        6.41173762083054      -8.884125288108374E-002
   4.88513342539469        6.71705845991770      -8.288660427885587E-002
   4.88513342539469        7.02237929900487      -7.770482433639060E-002
   4.88513342539469        7.32770013809204      -7.336403001713215E-002
   5.19045426448186       0.000000000000000E+000 -0.527721964506164     
   5.19045426448186       0.305320839087168      -0.514359489162360     
   5.19045426448186       0.610641678174337      -0.478351210081086     
   5.19045426448186       0.915962517261505      -0.428875531238435     
   5.19045426448186        1.22128335634867      -0.375756183291409     
   5.19045426448186        1.52660419543584      -0.326348175436848     
   5.19045426448186        1.83192503452301      -0.284726458745074     
   5.19045426448186        2.13724587361018      -0.252027891804647     
   5.19045426448186        2.44256671269735      -0.227194063556230     
   5.19045426448186        2.74788755178452      -0.207966449723993     
   5.19045426448186        3.05320839087168      -0.191984397556675     
   5.19045426448186        3.35852922995885      -0.177628141236495     
   5.19045426448186        3.66385006904602      -0.164281860180711     
   5.19045426448186        3.96917090813319      -0.152038742757835     
   5.19045426448186        4.27449174722036      -0.141162954018478     
   5.19045426448186        4.57981258630753      -0.131674062253237     
   5.19045426448186        4.88513342539469      -0.123267252898787     
   5.19045426448186        5.19045426448186      -0.115522973364601     
   5.19045426448186        5.49577510356903      -0.108170722758510     
   5.19045426448186        5.80109594265620      -0.101183552364513     
   5.19045426448186        6.10641678174337      -9.467369944123573E-002
   5.19045426448186        6.41173762083054      -8.873333985669885E-002
   5.19045426448186        6.71705845991770      -8.337184302403790E-002
   5.19045426448186        7.02237929900487      -7.856588681061329E-002
   5.19045426448186        7.32770013809204      -7.431464940547794E-002
   5.49577510356903       0.000000000000000E+000 -0.407600193763826     
   5.49577510356903       0.305320839087168      -0.400034667400758     
   5.49577510356903       0.610641678174337      -0.379535676634493     
   5.49577510356903       0.915962517261505      -0.350470586353803     
   5.49577510356903        1.22128335634867      -0.317427229714765     
   5.49577510356903        1.52660419543584      -0.285152013524404     
   5.49577510356903        1.83192503452301      -0.256949301339729     
   5.49577510356903        2.13724587361018      -0.233904089253058     
   5.49577510356903        2.44256671269735      -0.215325656726944     
   5.49577510356903        2.74788755178452      -0.199671729067028     
   5.49577510356903        3.05320839087168      -0.185501036287788     
   5.49577510356903        3.35852922995885      -0.172061307248504     
   5.49577510356903        3.66385006904602      -0.159329925378193     
   5.49577510356903        3.96917090813319      -0.147649047476474     
   5.49577510356903        4.27449174722036      -0.137285399895388     
   5.49577510356903        4.57981258630753      -0.128195753447163     
   5.49577510356903        4.88513342539469      -0.120086394019250     
   5.49577510356903        5.19045426448186      -0.112642359473479     
   5.49577510356903        5.49577510356903      -0.105710131681173     
   5.49577510356903        5.80109594265620      -9.930262412348216E-002
   5.49577510356903        6.10641678174337      -9.346991991305424E-002
   5.49577510356903        6.41173762083054      -8.818159253685132E-002
   5.49577510356903        6.71705845991770      -8.333333421438828E-002
   5.49577510356903        7.02237929900487      -7.885967666514913E-002
   5.49577510356903        7.32770013809204      -7.476912872846525E-002
   5.80109594265620       0.000000000000000E+000 -0.329840315137245     
   5.80109594265620       0.305320839087168      -0.325072138983179     
   5.80109594265620       0.610641678174337      -0.312014284669356     
   5.80109594265620       0.915962517261505      -0.293692066657672     
   5.80109594265620        1.22128335634867      -0.273315444545998     
   5.80109594265620        1.52660419543584      -0.253100823090378     
   5.80109594265620        1.83192503452301      -0.234335107813748     
   5.80109594265620        2.13724587361018      -0.218009708042334     
   5.80109594265620        2.44256671269735      -0.203711008462170     
   5.80109594265620        2.74788755178452      -0.190511373950896     
   5.80109594265620        3.05320839087168      -0.177729611367965     
   5.80109594265620        3.35852922995885      -0.165256310216376     
   5.80109594265620        3.66385006904602      -0.153406201688730     
   5.80109594265620        3.96917090813319      -0.142555586014982     
   5.80109594265620        4.27449174722036      -0.132872240372149     
   5.80109594265620        4.57981258630753      -0.124254606533454     
   5.80109594265620        4.88513342539469      -0.116471020312283     
   5.80109594265620        5.19045426448186      -0.109354154245048     
   5.80109594265620        5.49577510356903      -0.102878783552592     
   5.80109594265620        5.80109594265620      -9.708739488934846E-002
   5.80109594265620        6.10641678174337      -9.195719518324931E-002
   5.80109594265620        6.41173762083054      -8.732600006741580E-002
   5.80109594265620        6.71705845991770      -8.303455054318144E-002
   5.80109594265620        7.02237929900487      -7.896675908593875E-002
   5.80109594265620        7.32770013809204      -7.509652357928018E-002
   6.10641678174337       0.000000000000000E+000 -0.282226676762375     
   6.10641678174337       0.305320839087168      -0.278679653450459     
   6.10641678174337       0.610641678174337      -0.269166403124411     
   6.10641678174337       0.915962517261505      -0.256174763431613     
   6.10641678174337        1.22128335634867      -0.242212591141348     
   6.10641678174337        1.52660419543584      -0.228690737275816     
   6.10641678174337        1.83192503452301      -0.215809010096919     
   6.10641678174337        2.13724587361018      -0.203608396474644     
   6.10641678174337        2.44256671269735      -0.191921393395879     
   6.10641678174337        2.74788755178452      -0.180316537829391     
   6.10641678174337        3.05320839087168      -0.168681583959134     
   6.10641678174337        3.35852922995885      -0.157342566425719     
   6.10641678174337        3.66385006904602      -0.146714958436081     
   6.10641678174337        3.96917090813319      -0.136985535964142     
   6.10641678174337        4.27449174722036      -0.128134374551661     
   6.10641678174337        4.57981258630753      -0.120046207442855     
   6.10641678174337        4.88513342539469      -0.112605367395992     
   6.10641678174337        5.19045426448186      -0.105829465816551     
   6.10641678174337        5.49577510356903      -9.982268583267262E-002
   6.10641678174337        5.80109594265620      -9.464866146800491E-002
   6.10641678174337        6.10641678174337      -9.020410006283225E-002
   6.10641678174337        6.41173762083054      -8.627498857272138E-002
   6.10641678174337        6.71705845991770      -8.262964874302746E-002
   6.10641678174337        7.02237929900487      -7.906494014728024E-002
   6.10641678174337        7.32770013809204      -7.546550444518042E-002
   6.41173762083054       0.000000000000000E+000 -0.252752800647388     
   6.41173762083054       0.305320839087168      -0.249724576580734     
   6.41173762083054       0.610641678174337      -0.241584491821514     
   6.41173762083054       0.915962517261505      -0.230874355531627     
   6.41173762083054        1.22128335634867      -0.219936126732161     
   6.41173762083054        1.52660419543584      -0.209680093276161     
   6.41173762083054        1.83192503452301      -0.199796077667911     
   6.41173762083054        2.13724587361018      -0.189851114301216     
   6.41173762083054        2.44256671269735      -0.179695785048258     
   6.41173762083054        2.74788755178452      -0.169172729739516     
   6.41173762083054        3.05320839087168      -0.158496379320668     
   6.41173762083054        3.35852922995885      -0.148384647077975     
   6.41173762083054        3.66385006904602      -0.139378770721753     
   6.41173762083054        3.96917090813319      -0.131217772746011     
   6.41173762083054        4.27449174722036      -0.123380002052064     
   6.41173762083054        4.57981258630753      -0.115813538010525     
   6.41173762083054        4.88513342539469      -0.108699212530882     
   6.41173762083054        5.19045426448186      -0.102241316724571     
   6.41173762083054        5.49577510356903      -9.666341203138533E-002
   6.41173762083054        5.80109594265620      -9.204435341574037E-002
   6.41173762083054        6.10641678174337      -8.827779174818715E-002
   6.41173762083054        6.41173762083054      -8.506937192966793E-002
   6.41173762083054        6.71705845991770      -8.210360371806251E-002
   6.41173762083054        7.02237929900487      -7.914860565146425E-002
   6.41173762083054        7.32770013809204      -7.592747579030149E-002
   6.71705845991770       0.000000000000000E+000 -0.230039227024771     
   6.71705845991770       0.305320839087168      -0.227312110756101     
   6.71705845991770       0.610641678174337      -0.220244663926118     
   6.71705845991770       0.915962517261505      -0.211104711424879     
   6.71705845991770        1.22128335634867      -0.201842867021313     
   6.71705845991770        1.52660419543584      -0.193252994975299     
   6.71705845991770        1.83192503452301      -0.184949449278167     
   6.71705845991770        2.13724587361018      -0.176317673211064     
   6.71705845991770        2.44256671269735      -0.167239752688063     
   6.71705845991770        2.74788755178452      -0.157566438741578     
   6.71705845991770        3.05320839087168      -0.147781787569076     
   6.71705845991770        3.35852922995885      -0.139192570822960     
   6.71705845991770        3.66385006904602      -0.132468874633393     
   6.71705845991770        3.96917090813319      -0.126216873413803     
   6.71705845991770        4.27449174722036      -0.119302797095729     
   6.71705845991770        4.57981258630753      -0.111937446116937     
   6.71705845991770        4.88513342539469      -0.104933303371063     
   6.71705845991770        5.19045426448186      -9.870675824251306E-002
   6.71705845991770        5.49577510356903      -9.346352882360416E-002
   6.71705845991770        5.80109594265620      -8.935500144430801E-002
   6.71705845991770        6.10641678174337      -8.624885190102943E-002
   6.71705845991770        6.41173762083054      -8.370998659545260E-002
   6.71705845991770        6.71705845991770      -8.126155871431469E-002
   6.71705845991770        7.02237929900487      -7.892701257678124E-002
   6.71705845991770        7.32770013809204      -7.641252202510158E-002
   7.02237929900487       0.000000000000000E+000 -0.212267008526297     
   7.02237929900487       0.305320839087168      -0.207746507809499     
   7.02237929900487       0.610641678174337      -0.200416304585519     
   7.02237929900487       0.915962517261505      -0.193056352111257     
   7.02237929900487        1.22128335634867      -0.185302639378749     
   7.02237929900487        1.52660419543584      -0.177894770564350     
   7.02237929900487        1.83192503452301      -0.170682582511549     
   7.02237929900487        2.13724587361018      -0.163193456459719     
   7.02237929900487        2.44256671269735      -0.155223064900111     
   7.02237929900487        2.74788755178452      -0.146609110082312     
   7.02237929900487        3.05320839087168      -0.138158461221606     
   7.02237929900487        3.35852922995885      -0.131981358287019     
   7.02237929900487        3.66385006904602      -0.128167296535639     
   7.02237929900487        3.96917090813319      -0.122842525546413     
   7.02237929900487        4.27449174722036      -0.116188103955845     
   7.02237929900487        4.57981258630753      -0.108594138516779     
   7.02237929900487        4.88513342539469      -0.101367976503417     
   7.02237929900487        5.19045426448186      -9.524829207623013E-002
   7.02237929900487        5.49577510356903      -9.027141329500567E-002
   7.02237929900487        5.80109594265620      -8.664458911814334E-002
   7.02237929900487        6.10641678174337      -8.416681395729260E-002
   7.02237929900487        6.41173762083054      -8.230857310690998E-002
   7.02237929900487        6.71705845991770      -8.028472809612751E-002
   7.02237929900487        7.02237929900487      -7.824942743925176E-002
   7.02237929900487        7.32770013809204      -7.676062286885553E-002
   7.32770013809204       0.000000000000000E+000 -0.196130609820313     
   7.32770013809204       0.305320839087168      -0.193919345339909     
   7.32770013809204       0.610641678174337      -0.185052840348251     
   7.32770013809204       0.915962517261505      -0.177223774297990     
   7.32770013809204        1.22128335634867      -0.170125151933114     
   7.32770013809204        1.52660419543584      -0.163595835603435     
   7.32770013809204        1.83192503452301      -0.157339988279196     
   7.32770013809204        2.13724587361018      -0.151036363614054     
   7.32770013809204        2.44256671269735      -0.144385922624018     
   7.32770013809204        2.74788755178452      -0.137378619361521     
   7.32770013809204        3.05320839087168      -0.131090641861293     
   7.32770013809204        3.35852922995885      -0.127598623714149     
   7.32770013809204        3.66385006904602      -0.124575906331548     
   7.32770013809204        3.96917090813319      -0.119210365541781     
   7.32770013809204        4.27449174722036      -0.112997180708251     
   7.32770013809204        4.57981258630753      -0.105140567928504     
   7.32770013809204        4.88513342539469      -9.777471566841982E-002
   7.32770013809204        5.19045426448186      -9.179564077304014E-002
   7.32770013809204        5.49577510356903      -8.711585395324135E-002
   7.32770013809204        5.80109594265620      -8.389712569616463E-002
   7.32770013809204        6.10641678174337      -8.194546484267733E-002
   7.32770013809204        6.41173762083054      -8.079123996196337E-002
   7.32770013809204        6.71705845991770      -7.970885230585600E-002
   7.32770013809204        7.02237929900487      -7.814285633617984E-002
   7.32770013809204        7.32770013809204      -7.560175178477721E-002
