  0.000000000000000E+000  0.000000000000000E+000 -0.127649680278768     
  0.000000000000000E+000  0.305320839087168      -0.131365825577359     
  0.000000000000000E+000  0.610641678174337      -0.133952471990419     
  0.000000000000000E+000  0.915962517261505      -0.136923288655915     
  0.000000000000000E+000   1.22128335634867      -0.139652372718615     
  0.000000000000000E+000   1.52660419543584      -0.142757742060647     
  0.000000000000000E+000   1.83192503452301      -0.146754273705145     
  0.000000000000000E+000   2.13724587361018      -0.151816939444249     
  0.000000000000000E+000   2.44256671269735      -0.157684557262599     
  0.000000000000000E+000   2.74788755178452      -0.164442519342801     
  0.000000000000000E+000   3.05320839087168      -0.170772824171450     
  0.000000000000000E+000   3.35852922995885      -0.173918199395399     
  0.000000000000000E+000   3.66385006904602      -0.174638760129581     
  0.000000000000000E+000   3.96917090813319      -0.173916413536875     
  0.000000000000000E+000   4.27449174722036      -0.170769388044152     
  0.000000000000000E+000   4.57981258630753      -0.164437749848627     
  0.000000000000000E+000   4.88513342539469      -0.157678820486464     
  0.000000000000000E+000   5.19045426448186      -0.151810318204718     
  0.000000000000000E+000   5.49577510356903      -0.146746431938910     
  0.000000000000000E+000   5.80109594265620      -0.142748847130554     
  0.000000000000000E+000   6.10641678174337      -0.139641824791377     
  0.000000000000000E+000   6.41173762083054      -0.136908975733890     
  0.000000000000000E+000   6.71705845991770      -0.133931927680291     
  0.000000000000000E+000   7.02237929900487      -0.131345785457282     
  0.000000000000000E+000   7.32770013809204      -0.127641096374630     
  0.305320839087168       0.000000000000000E+000 -0.131366948255142     
  0.305320839087168       0.305320839087168      -0.134698686903512     
  0.305320839087168       0.610641678174337      -0.140036283671755     
  0.305320839087168       0.915962517261505      -0.145293038103193     
  0.305320839087168        1.22128335634867      -0.149538464285580     
  0.305320839087168        1.52660419543584      -0.153827340413075     
  0.305320839087168        1.83192503452301      -0.158820620089011     
  0.305320839087168        2.13724587361018      -0.164626095866287     
  0.305320839087168        2.44256671269735      -0.170703655016507     
  0.305320839087168        2.74788755178452      -0.176485335651088     
  0.305320839087168        3.05320839087168      -0.180268417882619     
  0.305320839087168        3.35852922995885      -0.180353522409595     
  0.305320839087168        3.66385006904602      -0.179307082407411     
  0.305320839087168        3.96917090813319      -0.180354674748466     
  0.305320839087168        4.27449174722036      -0.180268301231976     
  0.305320839087168        4.57981258630753      -0.176483563200974     
  0.305320839087168        4.88513342539469      -0.170700767579804     
  0.305320839087168        5.19045426448186      -0.164622575008593     
  0.305320839087168        5.49577510356903      -0.158816828952372     
  0.305320839087168        5.80109594265620      -0.153824695002500     
  0.305320839087168        6.10641678174337      -0.149539127728191     
  0.305320839087168        6.41173762083054      -0.145300350344488     
  0.305320839087168        6.71705845991770      -0.140054777373394     
  0.305320839087168        7.02237929900487      -0.134722956302094     
  0.305320839087168        7.32770013809204      -0.131347816609457     
  0.610641678174337       0.000000000000000E+000 -0.133952379319836     
  0.610641678174337       0.305320839087168      -0.140035391038728     
  0.610641678174337       0.610641678174337      -0.147007899323281     
  0.610641678174337       0.915962517261505      -0.153678475201114     
  0.610641678174337        1.22128335634867      -0.159589412771956     
  0.610641678174337        1.52660419543584      -0.165488227061625     
  0.610641678174337        1.83192503452301      -0.171882195986969     
  0.610641678174337        2.13724587361018      -0.178761598016536     
  0.610641678174337        2.44256671269735      -0.185496217133702     
  0.610641678174337        2.74788755178452      -0.191110281127837     
  0.610641678174337        3.05320839087168      -0.193910262828337     
  0.610641678174337        3.35852922995885      -0.193128369551814     
  0.610641678174337        3.66385006904602      -0.191825437655979     
  0.610641678174337        3.96917090813319      -0.193130255619752     
  0.610641678174337        4.27449174722036      -0.193912100199971     
  0.610641678174337        4.57981258630753      -0.191111078855002     
  0.610641678174337        4.88513342539469      -0.185496151822142     
  0.610641678174337        5.19045426448186      -0.178761170558208     
  0.610641678174337        5.49577510356903      -0.171882058269955     
  0.610641678174337        5.80109594265620      -0.165490144308899     
  0.610641678174337        6.10641678174337      -0.159596312471709     
  0.610641678174337        6.41173762083054      -0.153694035641580     
  0.610641678174337        6.71705845991770      -0.147032698713456     
  0.610641678174337        7.02237929900487      -0.140054280671153     
  0.610641678174337        7.32770013809204      -0.133932833313423     
  0.915962517261505       0.000000000000000E+000 -0.136922173450082     
  0.915962517261505       0.305320839087168      -0.145291642406826     
  0.915962517261505       0.610641678174337      -0.153677449092285     
  0.915962517261505       0.915962517261505      -0.161830763304192     
  0.915962517261505        1.22128335634867      -0.169716433507102     
  0.915962517261505        1.52660419543584      -0.177675845621216     
  0.915962517261505        1.83192503452301      -0.185980351017116     
  0.915962517261505        2.13724587361018      -0.194570669764599     
  0.915962517261505        2.44256671269735      -0.202826086092161     
  0.915962517261505        2.74788755178452      -0.209878603132681     
  0.915962517261505        3.05320839087168      -0.214519325644049     
  0.915962517261505        3.35852922995885      -0.216243368795322     
  0.915962517261505        3.66385006904602      -0.216424844048529     
  0.915962517261505        3.96917090813319      -0.216245169679752     
  0.915962517261505        4.27449174722036      -0.214521782253576     
  0.915962517261505        4.57981258630753      -0.209880801860832     
  0.915962517261505        4.88513342539469      -0.202828003027548     
  0.915962517261505        5.19045426448186      -0.194572575362423     
  0.915962517261505        5.49577510356903      -0.185982713370905     
  0.915962517261505        5.80109594265620      -0.177679855226260     
  0.915962517261505        6.10641678174337      -0.169724097481470     
  0.915962517261505        6.41173762083054      -0.161843566369719     
  0.915962517261505        6.71705845991770      -0.153693133598290     
  0.915962517261505        7.02237929900487      -0.145299290942869     
  0.915962517261505        7.32770013809204      -0.136908375380056     
   1.22128335634867       0.000000000000000E+000 -0.139649471900458     
   1.22128335634867       0.305320839087168      -0.149535223266206     
   1.22128335634867       0.610641678174337      -0.159586232090882     
   1.22128335634867       0.915962517261505      -0.169714208515617     
   1.22128335634867        1.22128335634867      -0.179916266469280     
   1.22128335634867        1.52660419543584      -0.190301312212449     
   1.22128335634867        1.83192503452301      -0.201004233982005     
   1.22128335634867        2.13724587361018      -0.211867472145278     
   1.22128335634867        2.44256671269735      -0.222257954512868     
   1.22128335634867        2.74788755178452      -0.231400982894655     
   1.22128335634867        3.05320839087168      -0.238433668139031     
   1.22128335634867        3.35852922995885      -0.242694606538046     
   1.22128335634867        3.66385006904602      -0.244069034776479     
   1.22128335634867        3.96917090813319      -0.242695955475328     
   1.22128335634867        4.27449174722036      -0.238435797617000     
   1.22128335634867        4.57981258630753      -0.231403524719249     
   1.22128335634867        4.88513342539469      -0.222260827467940     
   1.22128335634867        5.19045426448186      -0.211870677204786     
   1.22128335634867        5.49577510356903      -0.201007900453097     
   1.22128335634867        5.80109594265620      -0.190305851991954     
   1.22128335634867        6.10641678174337      -0.179922390897603     
   1.22128335634867        6.41173762083054      -0.169721960749331     
   1.22128335634867        6.71705845991770      -0.159593290510999     
   1.22128335634867        7.02237929900487      -0.149536110823764     
   1.22128335634867        7.32770013809204      -0.139639139170794     
   1.52660419543584       0.000000000000000E+000 -0.142751447744860     
   1.52660419543584       0.305320839087168      -0.153820387132275     
   1.52660419543584       0.610641678174337      -0.165481268286728     
   1.52660419543584       0.915962517261505      -0.177670008351003     
   1.52660419543584        1.22128335634867      -0.190297895521942     
   1.52660419543584        1.52660419543584      -0.203319043094142     
   1.52660419543584        1.83192503452301      -0.216703158725350     
   1.52660419543584        2.13724587361018      -0.230030276008145     
   1.52660419543584        2.44256671269735      -0.242715850913928     
   1.52660419543584        2.74788755178452      -0.254005385901221     
   1.52660419543584        3.05320839087168      -0.262992800685157     
   1.52660419543584        3.35852922995885      -0.268793367087606     
   1.52660419543584        3.66385006904602      -0.270796079841384     
   1.52660419543584        3.96917090813319      -0.268794186503231     
   1.52660419543584        4.27449174722036      -0.262994352850124     
   1.52660419543584        4.57981258630753      -0.254007606406492     
   1.52660419543584        4.88513342539469      -0.242718735813335     
   1.52660419543584        5.19045426448186      -0.230033807371537     
   1.52660419543584        5.49577510356903      -0.216707235103216     
   1.52660419543584        5.80109594265620      -0.203323543978007     
   1.52660419543584        6.10641678174337      -0.190302589167783     
   1.52660419543584        6.41173762083054      -0.177674243779616     
   1.52660419543584        6.71705845991770      -0.165483428801510     
   1.52660419543584        7.02237929900487      -0.153817966180746     
   1.52660419543584        7.32770013809204      -0.142742707156866     
   1.83192503452301       0.000000000000000E+000 -0.146742775473587     
   1.83192503452301       0.305320839087168      -0.158808242266769     
   1.83192503452301       0.610641678174337      -0.171870082684506     
   1.83192503452301       0.915962517261505      -0.185969938779095     
   1.83192503452301        1.22128335634867      -0.200996857522447     
   1.83192503452301        1.52660419543584      -0.216699545795967     
   1.83192503452301        1.83192503452301      -0.232635768566047     
   1.83192503452301        2.13724587361018      -0.248272097069164     
   1.83192503452301        2.44256671269735      -0.263013096900308     
   1.83192503452301        2.74788755178452      -0.276112074032751     
   1.83192503452301        3.05320839087168      -0.286608025506929     
   1.83192503452301        3.35852922995885      -0.293456181957907     
   1.83192503452301        3.66385006904602      -0.295840643034050     
   1.83192503452301        3.96917090813319      -0.293456518063690     
   1.83192503452301        4.27449174722036      -0.286608807223836     
   1.83192503452301        4.57981258630753      -0.276113478021304     
   1.83192503452301        4.88513342539469      -0.263015323020825     
   1.83192503452301        5.19045426448186      -0.248275213467970     
   1.83192503452301        5.49577510356903      -0.232639670973628     
   1.83192503452301        5.80109594265620      -0.216703831375005     
   1.83192503452301        6.10641678174337      -0.201000900407025     
   1.83192503452301        6.41173762083054      -0.185972745156401     
   1.83192503452301        6.71705845991770      -0.171870367831914     
   1.83192503452301        7.02237929900487      -0.158804803751530     
   1.83192503452301        7.32770013809204      -0.146735176385962     
   2.13724587361018       0.000000000000000E+000 -0.151798532442531     
   2.13724587361018       0.305320839087168      -0.164606869454179     
   2.13724587361018       0.610641678174337      -0.178743633178810     
   2.13724587361018       0.915962517261505      -0.194555737194360     
   2.13724587361018        1.22128335634867      -0.211856647664197     
   2.13724587361018        1.52660419543584      -0.230023839138140     
   2.13724587361018        1.83192503452301      -0.248269497476381     
   2.13724587361018        2.13724587361018      -0.265869730937684     
   2.13724587361018        2.44256671269735      -0.282193981184907     
   2.13724587361018        2.74788755178452      -0.296543133480087     
   2.13724587361018        3.05320839087168      -0.307986609896738     
   2.13724587361018        3.35852922995885      -0.315441638021893     
   2.13724587361018        3.66385006904602      -0.318035098061145     
   2.13724587361018        3.96917090813319      -0.315441494974130     
   2.13724587361018        4.27449174722036      -0.307986559884242     
   2.13724587361018        4.57981258630753      -0.296543510430490     
   2.13724587361018        4.88513342539469      -0.282195179755435     
   2.13724587361018        5.19045426448186      -0.265872010792806     
   2.13724587361018        5.49577510356903      -0.248272816196091     
   2.13724587361018        5.80109594265620      -0.230027782104924     
   2.13724587361018        6.10641678174337      -0.211860451852010     
   2.13724587361018        6.41173762083054      -0.194558345731619     
   2.13724587361018        6.71705845991770      -0.178743883281760     
   2.13724587361018        7.02237929900487      -0.164603910273002     
   2.13724587361018        7.32770013809204      -0.151792305570214     
   2.44256671269735       0.000000000000000E+000 -0.157657543300303     
   2.44256671269735       0.305320839087168      -0.170676138702649     
   2.44256671269735       0.610641678174337      -0.185472344756821     
   2.44256671269735       0.915962517261505      -0.202807612618371     
   2.44256671269735        1.22128335634867      -0.222245099413403     
   2.44256671269735        1.52660419543584      -0.242708131705705     
   2.44256671269735        1.83192503452301      -0.263009456562933     
   2.44256671269735        2.13724587361018      -0.282192936699961     
   2.44256671269735        2.44256671269735      -0.299585328662529     
   2.44256671269735        2.74788755178452      -0.314584609590660     
   2.44256671269735        3.05320839087168      -0.326402013477038     
   2.44256671269735        3.35852922995885      -0.334051220650718     
   2.44256671269735        3.66385006904602      -0.336703729188192     
   2.44256671269735        3.96917090813319      -0.334050724167032     
   2.44256671269735        4.27449174722036      -0.326401277033959     
   2.44256671269735        4.57981258630753      -0.314584076082389     
   2.44256671269735        4.88513342539469      -0.299585540739990     
   2.44256671269735        5.19045426448186      -0.282194259836130     
   2.44256671269735        5.49577510356903      -0.263012028363750     
   2.44256671269735        5.80109594265620      -0.242711592830903     
   2.44256671269735        6.10641678174337      -0.222248766774089     
   2.44256671269735        6.41173762083054      -0.202810477504783     
   2.44256671269735        6.71705845991770      -0.185473256106820     
   2.44256671269735        7.02237929900487      -0.170674098295556     
   2.44256671269735        7.32770013809204      -0.157652390916056     
   2.74788755178452       0.000000000000000E+000 -0.164406356574762     
   2.74788755178452       0.305320839087168      -0.176449201587090     
   2.74788755178452       0.610641678174337      -0.191081138933152     
   2.74788755178452       0.915962517261505      -0.209858345267603     
   2.74788755178452        1.22128335634867      -0.231388075872685     
   2.74788755178452        1.52660419543584      -0.253998165718289     
   2.74788755178452        1.83192503452301      -0.276108961159811     
   2.74788755178452        2.13724587361018      -0.296542430555084     
   2.74788755178452        2.44256671269735      -0.314584783758357     
   2.74788755178452        2.74788755178452      -0.329759249669060     
   2.74788755178452        3.05320839087168      -0.341514885917191     
   2.74788755178452        3.35852922995885      -0.349081067483786     
   2.74788755178452        3.66385006904602      -0.351706656850307     
   2.74788755178452        3.96917090813319      -0.349080374571540     
   2.74788755178452        4.27449174722036      -0.341513784128086     
   2.74788755178452        4.57981258630753      -0.329758182333171     
   2.74788755178452        4.88513342539469      -0.314584284571849     
   2.74788755178452        5.19045426448186      -0.296542959776592     
   2.74788755178452        5.49577510356903      -0.276110744196231     
   2.74788755178452        5.80109594265620      -0.254001032079885     
   2.74788755178452        6.10641678174337      -0.231391538426604     
   2.74788755178452        6.41173762083054      -0.209861719965325     
   2.74788755178452        6.71705845991770      -0.191083268644569     
   2.74788755178452        7.02237929900487      -0.176448584472410     
   2.74788755178452        7.32770013809204      -0.164402366791909     
   3.05320839087168       0.000000000000000E+000 -0.170730069100318     
   3.05320839087168       0.305320839087168      -0.180227791788997     
   3.05320839087168       0.610641678174337      -0.193880900183014     
   3.05320839087168       0.915962517261505      -0.214500803230275     
   3.05320839087168        1.22128335634867      -0.238422840648956     
   3.05320839087168        1.52660419543584      -0.262987447224046     
   3.05320839087168        1.83192503452301      -0.286606446121656     
   3.05320839087168        2.13724587361018      -0.307987045059076     
   3.05320839087168        2.44256671269735      -0.326402987804683     
   3.05320839087168        2.74788755178452      -0.341515511934971     
   3.05320839087168        3.05320839087168      -0.353057796765344     
   3.05320839087168        3.35852922995885      -0.360514313282351     
   3.05320839087168        3.66385006904602      -0.363132918540167     
   3.05320839087168        3.96917090813319      -0.360513686835862     
   3.05320839087168        4.27449174722036      -0.353056763929497     
   3.05320839087168        4.57981258630753      -0.341514389442028     
   3.05320839087168        4.88513342539469      -0.326402243952156     
   3.05320839087168        5.19045426448186      -0.307987125634109     
   3.05320839087168        5.49577510356903      -0.286607565264134     
   3.05320839087168        5.80109594265620      -0.262989621599483     
   3.05320839087168        6.10641678174337      -0.238425922819412     
   3.05320839087168        6.41173762083054      -0.214504606389336     
   3.05320839087168        6.71705845991770      -0.193884329801563     
   3.05320839087168        7.02237929900487      -0.180229022728502     
   3.05320839087168        7.32770013809204      -0.170727467691496     
   3.35852922995885       0.000000000000000E+000 -0.173876706268980     
   3.35852922995885       0.305320839087168      -0.180317890939122     
   3.35852922995885       0.610641678174337      -0.193105442949477     
   3.35852922995885       0.915962517261505      -0.216229932625158     
   3.35852922995885        1.22128335634867      -0.242687153193280     
   3.35852922995885        1.52660419543584      -0.268790170400688     
   3.35852922995885        1.83192503452301      -0.293456191437937     
   3.35852922995885        2.13724587361018      -0.315443222046804     
   3.35852922995885        2.44256671269735      -0.334052988295605     
   3.35852922995885        2.74788755178452      -0.349082262556031     
   3.35852922995885        3.05320839087168      -0.360514796522734     
   3.35852922995885        3.35852922995885      -0.368031708130351     
   3.35852922995885        3.66385006904602      -0.370742380168835     
   3.35852922995885        3.96917090813319      -0.368031342574999     
   3.35852922995885        4.27449174722036      -0.360514123714285     
   3.35852922995885        4.57981258630753      -0.349081555414410     
   3.35852922995885        4.88513342539469      -0.334052428393079     
   3.35852922995885        5.19045426448186      -0.315443146436160     
   3.35852922995885        5.49577510356903      -0.293456800618234     
   3.35852922995885        5.80109594265620      -0.268791492266881     
   3.35852922995885        6.10641678174337      -0.242689280621374     
   3.35852922995885        6.41173762083054      -0.216232936053006     
   3.35852922995885        6.71705845991770      -0.193108763506423     
   3.35852922995885        7.02237929900487      -0.180320165691543     
   3.35852922995885        7.32770013809204      -0.173875613164425     
   3.66385006904602       0.000000000000000E+000 -0.174608201029847     
   3.66385006904602       0.305320839087168      -0.179280386913769     
   3.66385006904602       0.610641678174337      -0.191808024725488     
   3.66385006904602       0.915962517261505      -0.216414631790274     
   3.66385006904602        1.22128335634867      -0.244063455325681     
   3.66385006904602        1.52660419543584      -0.270793916891044     
   3.66385006904602        1.83192503452301      -0.295841357800707     
   3.66385006904602        2.13724587361018      -0.318037167707330     
   3.66385006904602        2.44256671269735      -0.336705809707069     
   3.66385006904602        2.74788755178452      -0.351708049290075     
   3.66385006904602        3.05320839087168      -0.363133543575322     
   3.66385006904602        3.35852922995885      -0.370742507455459     
   3.66385006904602        3.66385006904602      -0.373536770847703     
   3.66385006904602        3.96917090813319      -0.370742455807413     
   3.66385006904602        4.27449174722036      -0.363133483983831     
   3.66385006904602        4.57981258630753      -0.351707975674082     
   3.66385006904602        4.88513342539469      -0.336705718306338     
   3.66385006904602        5.19045426448186      -0.318037189860957     
   3.66385006904602        5.49577510356903      -0.295841491036790     
   3.66385006904602        5.80109594265620      -0.270794271280608     
   3.66385006904602        6.10641678174337      -0.244063932286050     
   3.66385006904602        6.41173762083054      -0.216415274286674     
   3.66385006904602        6.71705845991770      -0.191808569215479     
   3.66385006904602        7.02237929900487      -0.179280422136536     
   3.66385006904602        7.32770013809204      -0.174608678837516     
   3.96917090813319       0.000000000000000E+000 -0.173875451048523     
   3.96917090813319       0.305320839087168      -0.180319981234425     
   3.96917090813319       0.610641678174337      -0.193108178251986     
   3.96917090813319       0.915962517261505      -0.216232308998161     
   3.96917090813319        1.22128335634867      -0.242688839602929     
   3.96917090813319        1.52660419543584      -0.268791184615552     
   3.96917090813319        1.83192503452301      -0.293456633251757     
   3.96917090813319        2.13724587361018      -0.315443107533762     
   3.96917090813319        2.44256671269735      -0.334052454262705     
   3.96917090813319        2.74788755178452      -0.349081484315418     
   3.96917090813319        3.05320839087168      -0.360514058051337     
   3.96917090813319        3.35852922995885      -0.368031220678499     
   3.96917090813319        3.66385006904602      -0.370742205597557     
   3.96917090813319        3.96917090813319      -0.368031553629940     
   3.96917090813319        4.27449174722036      -0.360514626709473     
   3.96917090813319        4.57981258630753      -0.349082129689473     
   3.96917090813319        4.88513342539469      -0.334052882263947     
   3.96917090813319        5.19045426448186      -0.315443266069163     
   3.96917090813319        5.49577510356903      -0.293456407646265     
   3.96917090813319        5.80109594265620      -0.268790559217367     
   3.96917090813319        6.10641678174337      -0.242687650177410     
   3.96917090813319        6.41173762083054      -0.216230543615528     
   3.96917090813319        6.71705845991770      -0.193105903971104     
   3.96917090813319        7.02237929900487      -0.180318029703101     
   3.96917090813319        7.32770013809204      -0.173877046181323     
   4.27449174722036       0.000000000000000E+000 -0.170727408817130     
   4.27449174722036       0.305320839087168      -0.180228772282057     
   4.27449174722036       0.610641678174337      -0.193883772353244     
   4.27449174722036       0.915962517261505      -0.214504011472736     
   4.27449174722036        1.22128335634867      -0.238425434074063     
   4.27449174722036        1.52660419543584      -0.262989286468997     
   4.27449174722036        1.83192503452301      -0.286607376232159     
   4.27449174722036        2.13724587361018      -0.307987010709578     
   4.27449174722036        2.44256671269735      -0.326402149118491     
   4.27449174722036        2.74788755178452      -0.341514221382249     
   4.27449174722036        3.05320839087168      -0.353056527066816     
   4.27449174722036        3.35852922995885      -0.360513387645971     
   4.27449174722036        3.66385006904602      -0.363132608363980     
   4.27449174722036        3.96917090813319      -0.360514012532992     
   4.27449174722036        4.27449174722036      -0.353057555098671     
   4.27449174722036        4.57981258630753      -0.341515305927826     
   4.27449174722036        4.88513342539469      -0.326402963469821     
   4.27449174722036        5.19045426448186      -0.307987136653938     
   4.27449174722036        5.49577510356903      -0.286606728067719     
   4.27449174722036        5.80109594265620      -0.262987889409591     
   4.27449174722036        6.10641678174337      -0.238423365809781     
   4.27449174722036        6.41173762083054      -0.214501323580001     
   4.27449174722036        6.71705845991770      -0.193881307923999     
   4.27449174722036        7.02237929900487      -0.180228067547195     
   4.27449174722036        7.32770013809204      -0.170730524707397     
   4.57981258630753       0.000000000000000E+000 -0.164402024658257     
   4.57981258630753       0.305320839087168      -0.176448089487675     
   4.57981258630753       0.610641678174337      -0.191082614741981     
   4.57981258630753       0.915962517261505      -0.209861071403809     
   4.57981258630753        1.22128335634867      -0.231390986507985     
   4.57981258630753        1.52660419543584      -0.254000622776392     
   4.57981258630753        1.83192503452301      -0.276110457214466     
   4.57981258630753        2.13724587361018      -0.296542741058505     
   4.57981258630753        2.44256671269735      -0.314584035279917     
   4.57981258630753        2.74788755178452      -0.329757855829003     
   4.57981258630753        3.05320839087168      -0.341513375686233     
   4.57981258630753        3.35852922995885      -0.349079956958237     
   4.57981258630753        3.66385006904602      -0.351706193327165     
   4.57981258630753        3.96917090813319      -0.349080654930353     
   4.57981258630753        4.27449174722036      -0.341514527683265     
   4.57981258630753        4.57981258630753      -0.329759050288244     
   4.57981258630753        4.88513342539469      -0.314584748786354     
   4.57981258630753        5.19045426448186      -0.296542551174964     
   4.57981258630753        5.49577510356903      -0.276109287633017     
   4.57981258630753        5.80109594265620      -0.253998606750140     
   4.57981258630753        6.10641678174337      -0.231388558488001     
   4.57981258630753        6.41173762083054      -0.209858764869379     
   4.57981258630753        6.71705845991770      -0.191081452721809     
   4.57981258630753        7.02237929900487      -0.176449438695637     
   4.57981258630753        7.32770013809204      -0.164406672630945     
   4.88513342539469       0.000000000000000E+000 -0.157651729933505     
   4.88513342539469       0.305320839087168      -0.170673323127883     
   4.88513342539469       0.610641678174337      -0.185472426640640     
   4.88513342539469       0.915962517261505      -0.202809689586454     
   4.88513342539469        1.22128335634867      -0.222248105966493     
   4.88513342539469        1.52660419543584      -0.242711077619786     
   4.88513342539469        1.83192503452301      -0.263011618703813     
   4.88513342539469        2.13724587361018      -0.282193910799922     
   4.88513342539469        2.44256671269735      -0.299585155711537     
   4.88513342539469        2.74788755178452      -0.314583600966371     
   4.88513342539469        3.05320839087168      -0.326400693287837     
   4.88513342539469        3.35852922995885      -0.334050075965326     
   4.88513342539469        3.66385006904602      -0.336703087922521     
   4.88513342539469        3.96917090813319      -0.334050659119593     
   4.88513342539469        4.27449174722036      -0.326401656810000     
   4.88513342539469        4.57981258630753      -0.314584397013090     
   4.88513342539469        4.88513342539469      -0.299585344345520     
   4.88513342539469        5.19045426448186      -0.282193117598792     
   4.88513342539469        5.49577510356903      -0.263009798916197     
   4.88513342539469        5.80109594265620      -0.242708537621993     
   4.88513342539469        6.10641678174337      -0.222245471384580     
   4.88513342539469        6.41173762083054      -0.202807909873012     
   4.88513342539469        6.71705845991770      -0.185472502861144     
   4.88513342539469        7.02237929900487      -0.170676184076924     
   4.88513342539469        7.32770013809204      -0.157657556788279     
   5.19045426448186       0.000000000000000E+000 -0.151791365684669     
   5.19045426448186       0.305320839087168      -0.164602912530151     
   5.19045426448186       0.610641678174337      -0.178742889922990     
   5.19045426448186       0.915962517261505      -0.194557424959878     
   5.19045426448186        1.22128335634867      -0.211859682665083     
   5.19045426448186        1.52660419543584      -0.230027176608342     
   5.19045426448186        1.83192503452301      -0.248272321409716     
   5.19045426448186        2.13724587361018      -0.265871567094308     
   5.19045426448186        2.44256671269735      -0.282194697198427     
   5.19045426448186        2.74788755178452      -0.296542923222219     
   5.19045426448186        3.05320839087168      -0.307985880904976     
   5.19045426448186        3.35852922995885      -0.315440756078211     
   5.19045426448186        3.66385006904602      -0.318034380824999     
   5.19045426448186        3.96917090813319      -0.315441019814240     
   5.19045426448186        4.27449174722036      -0.307986164433099     
   5.19045426448186        4.57981258630753      -0.296542885542568     
   5.19045426448186        4.88513342539469      -0.282193983888730     
   5.19045426448186        5.19045426448186      -0.265869909058453     
   5.19045426448186        5.49577510356903      -0.248269809990143     
   5.19045426448186        5.80109594265620      -0.230024161570764     
   5.19045426448186        6.10641678174337      -0.211856912813596     
   5.19045426448186        6.41173762083054      -0.194555858940631     
   5.19045426448186        6.71705845991770      -0.178743586655126     
   5.19045426448186        7.02237929900487      -0.164606670088155     
   5.19045426448186        7.32770013809204      -0.151798253105028     
   5.49577510356903       0.000000000000000E+000 -0.146733987353133     
   5.49577510356903       0.305320839087168      -0.158803593319593     
   5.49577510356903       0.610641678174337      -0.171869220993694     
   5.49577510356903       0.915962517261505      -0.185971718909925     
   5.49577510356903        1.22128335634867      -0.201000037368069     
   5.49577510356903        1.52660419543584      -0.216703148260082     
   5.49577510356903        1.83192503452301      -0.232639120989675     
   5.49577510356903        2.13724587361018      -0.248274722579085     
   5.49577510356903        2.44256671269735      -0.263014806405145     
   5.49577510356903        2.74788755178452      -0.276112848343111     
   5.49577510356903        3.05320839087168      -0.286608055567981     
   5.49577510356903        3.35852922995885      -0.293455715397178     
   5.49577510356903        3.66385006904602      -0.295839809065819     
   5.49577510356903        3.96917090813319      -0.293455499117482     
   5.49577510356903        4.27449174722036      -0.286607553046800     
   5.49577510356903        4.57981258630753      -0.276111849674026     
   5.49577510356903        4.88513342539469      -0.263013112015812     
   5.49577510356903        5.19045426448186      -0.248272279288346     
   5.49577510356903        5.49577510356903      -0.232636036997495     
   5.49577510356903        5.80109594265620      -0.216699775637540     
   5.49577510356903        6.10641678174337      -0.200996993381494     
   5.49577510356903        6.41173762083054      -0.185969896481687     
   5.49577510356903        6.71705845991770      -0.171869838136657     
   5.49577510356903        7.02237929900487      -0.158807821486491     
   5.49577510356903        7.32770013809204      -0.146742234854279     
   5.80109594265620       0.000000000000000E+000 -0.142741355310617     
   5.80109594265620       0.305320839087168      -0.153816621176051     
   5.80109594265620       0.610641678174337      -0.165482177603010     
   5.80109594265620       0.915962517261505      -0.177673137360044     
   5.80109594265620        1.22128335634867      -0.190301664504881     
   5.80109594265620        1.52660419543584      -0.203322817658946     
   5.80109594265620        1.83192503452301      -0.216706656056472     
   5.80109594265620        2.13724587361018      -0.230033285021926     
   5.80109594265620        2.44256671269735      -0.242718188886751     
   5.80109594265620        2.74788755178452      -0.254006947494548     
   5.80109594265620        3.05320839087168      -0.262993554575102     
   5.80109594265620        3.35852922995885      -0.268793276362528     
   5.80109594265620        3.66385006904602      -0.270795181487487     
   5.80109594265620        3.96917090813319      -0.268792580831241     
   5.80109594265620        4.27449174722036      -0.262992266223479     
   5.80109594265620        4.57981258630753      -0.254005122636770     
   5.80109594265620        4.88513342539469      -0.242715834313502     
   5.80109594265620        5.19045426448186      -0.230030409929337     
   5.80109594265620        5.49577510356903      -0.216703346750542     
   5.80109594265620        5.80109594265620      -0.203319194656815     
   5.80109594265620        6.10641678174337      -0.190297890084921     
   5.80109594265620        6.41173762083054      -0.177669794447459     
   5.80109594265620        6.71705845991770      -0.165480828313310     
   5.80109594265620        7.02237929900487      -0.153819754483416     
   5.80109594265620        7.32770013809204      -0.142750669510490     
   6.10641678174337       0.000000000000000E+000 -0.139637739875331     
   6.10641678174337       0.305320839087168      -0.149534746890721     
   6.10641678174337       0.610641678174337      -0.159592041928180     
   6.10641678174337       0.915962517261505      -0.169720855902661     
   6.10641678174337        1.22128335634867      -0.179921450780433     
   6.10641678174337        1.52660419543584      -0.190305101200376     
   6.10641678174337        1.83192503452301      -0.201007314036927     
   6.10641678174337        2.13724587361018      -0.211870149392049     
   6.10641678174337        2.44256671269735      -0.222260261182711     
   6.10641678174337        2.74788755178452      -0.231402824541926     
   6.10641678174337        3.05320839087168      -0.238434911380040     
   6.10641678174337        3.35852922995885      -0.242694840998502     
   6.10641678174337        3.66385006904602      -0.244067855921432     
   6.10641678174337        3.96917090813319      -0.242693555449904     
   6.10641678174337        4.27449174722036      -0.238432970542279     
   6.10641678174337        4.57981258630753      -0.231400641758850     
   6.10641678174337        4.88513342539469      -0.222257870903112     
   6.10641678174337        5.19045426448186      -0.211867566376887     
   6.10641678174337        5.49577510356903      -0.201004374311518     
   6.10641678174337        5.80109594265620      -0.190301369054485     
   6.10641678174337        6.10641678174337      -0.179916124259402     
   6.10641678174337        6.41173762083054      -0.169713834958311     
   6.10641678174337        6.71705845991770      -0.159585615043648     
   6.10641678174337        7.02237929900487      -0.149534382386162     
   6.10641678174337        7.32770013809204      -0.139648493254092     
   6.41173762083054       0.000000000000000E+000 -0.136907089426512     
   6.41173762083054       0.305320839087168      -0.145298113740950     
   6.41173762083054       0.610641678174337      -0.153692049802935     
   6.41173762083054       0.915962517261505      -0.161842573726055     
   6.41173762083054        1.22128335634867      -0.169723221445334     
   6.41173762083054        1.52660419543584      -0.177679122749484     
   6.41173762083054        1.83192503452301      -0.185982118286670     
   6.41173762083054        2.13724587361018      -0.194572039466660     
   6.41173762083054        2.44256671269735      -0.202827405760816     
   6.41173762083054        2.74788755178452      -0.209880021954588     
   6.41173762083054        3.05320839087168      -0.214520775469723     
   6.41173762083054        3.35852922995885      -0.216243940580534     
   6.41173762083054        3.66385006904602      -0.216423447000356     
   6.41173762083054        3.96917090813319      -0.216242055114178     
   6.41173762083054        4.27449174722036      -0.214518361223149     
   6.41173762083054        4.57981258630753      -0.209878109853967     
   6.41173762083054        4.88513342539469      -0.202825949885854     
   6.41173762083054        5.19045426448186      -0.194570697512973     
   6.41173762083054        5.49577510356903      -0.185980428911971     
   6.41173762083054        5.80109594265620      -0.177675833031742     
   6.41173762083054        6.10641678174337      -0.169716208716602     
   6.41173762083054        6.41173762083054      -0.161830262040104     
   6.41173762083054        6.71705845991770      -0.153676689508718     
   6.41173762083054        7.02237929900487      -0.145290637059632     
   6.41173762083054        7.32770013809204      -0.136921045670250     
   6.71705845991770       0.000000000000000E+000 -0.133931808261186     
   6.71705845991770       0.305320839087168      -0.140053548086943     
   6.71705845991770       0.610641678174337      -0.147031963751081     
   6.71705845991770       0.915962517261505      -0.153693273237601     
   6.71705845991770        1.22128335634867      -0.159595592055202     
   6.71705845991770        1.52660419543584      -0.165489498696042     
   6.71705845991770        1.83192503452301      -0.171881481064776     
   6.71705845991770        2.13724587361018      -0.178760603070147     
   6.71705845991770        2.44256671269735      -0.185495493973346     
   6.71705845991770        2.74788755178452      -0.191110205381939     
   6.71705845991770        3.05320839087168      -0.193910951470187     
   6.71705845991770        3.35852922995885      -0.193128791744696     
   6.71705845991770        3.66385006904602      -0.191823629250696     
   6.71705845991770        3.96917090813319      -0.193126619945021     
   6.71705845991770        4.27449174722036      -0.193909041589056     
   6.71705845991770        4.57981258630753      -0.191109665693618     
   6.71705845991770        4.88513342539469      -0.185496008270048     
   6.71705845991770        5.19045426448186      -0.178761563248256     
   6.71705845991770        5.49577510356903      -0.171882220679611     
   6.71705845991770        5.80109594265620      -0.165488167342456     
   6.71705845991770        6.10641678174337      -0.159589148435679     
   6.71705845991770        6.41173762083054      -0.153677930694642     
   6.71705845991770        6.71705845991770      -0.147007042564454     
   6.71705845991770        7.02237929900487      -0.140034256637281     
   6.71705845991770        7.32770013809204      -0.133951165399437     
   7.02237929900487       0.000000000000000E+000 -0.131346866579697     
   7.02237929900487       0.305320839087168      -0.134722566754432     
   7.02237929900487       0.610641678174337      -0.140054371134036     
   7.02237929900487       0.915962517261505      -0.145299846651499     
   7.02237929900487        1.22128335634867      -0.149538609578650     
   7.02237929900487        1.52660419543584      -0.153824187568669     
   7.02237929900487        1.83192503452301      -0.158816319735179     
   7.02237929900487        2.13724587361018      -0.164622000195083     
   7.02237929900487        2.44256671269735      -0.170700047219387     
   7.02237929900487        2.74788755178452      -0.176482558801648     
   7.02237929900487        3.05320839087168      -0.180266946998718     
   7.02237929900487        3.35852922995885      -0.180352966200932     
   7.02237929900487        3.66385006904602      -0.179304932133798     
   7.02237929900487        3.96917090813319      -0.180351591227952     
   7.02237929900487        4.27449174722036      -0.180267164152134     
   7.02237929900487        4.57981258630753      -0.176484731983914     
   7.02237929900487        4.88513342539469      -0.170703425077875     
   7.02237929900487        5.19045426448186      -0.164626002751257     
   7.02237929900487        5.49577510356903      -0.158820596683100     
   7.02237929900487        5.80109594265620      -0.153827261094706     
   7.02237929900487        6.10641678174337      -0.149538184921501     
   7.02237929900487        6.41173762083054      -0.145292461694905     
   7.02237929900487        6.71705845991770      -0.140035369386918     
   7.02237929900487        7.02237929900487      -0.134697445581952     
   7.02237929900487        7.32770013809204      -0.131365779130820     
   7.32770013809204       0.000000000000000E+000 -0.127640135863786     
   7.32770013809204       0.305320839087168      -0.131345367173513     
   7.32770013809204       0.610641678174337      -0.133931645387427     
   7.32770013809204       0.915962517261505      -0.136908649254481     
   7.32770013809204        1.22128335634867      -0.139641471525397     
   7.32770013809204        1.52660419543584      -0.142748474361604     
   7.32770013809204        1.83192503452301      -0.146746009986661     
   7.32770013809204        2.13724587361018      -0.151809779494740     
   7.32770013809204        2.44256671269735      -0.157678092364064     
   7.32770013809204        2.74788755178452      -0.164436774774008     
   7.32770013809204        3.05320839087168      -0.170768143077106     
   7.32770013809204        3.35852922995885      -0.173915101233563     
   7.32770013809204        3.66385006904602      -0.174637557953895     
   7.32770013809204        3.96917090813319      -0.173916980155643     
   7.32770013809204        4.27449174722036      -0.170772048740934     
   7.32770013809204        4.57981258630753      -0.164442140838212     
   7.32770013809204        4.88513342539469      -0.157684360032741     
   7.32770013809204        5.19045426448186      -0.151816807458506     
   7.32770013809204        5.49577510356903      -0.146754187683959     
   7.32770013809204        5.80109594265620      -0.142757623628294     
   7.32770013809204        6.10641678174337      -0.139652091951002     
   7.32770013809204        6.41173762083054      -0.136922682737565     
   7.32770013809204        6.71705845991770      -0.133951428196465     
   7.32770013809204        7.02237929900487      -0.131364562153304     
   7.32770013809204        7.32770013809204      -0.127648739452969     
