  0.000000000000000E+000  0.000000000000000E+000 -0.166642374802979     
  0.000000000000000E+000  0.305320839087168      -0.168565322290072     
  0.000000000000000E+000  0.610641678174337      -0.168111898596449     
  0.000000000000000E+000  0.915962517261505      -0.168601719127546     
  0.000000000000000E+000   1.22128335634867      -0.168988294534927     
  0.000000000000000E+000   1.52660419543584      -0.169168480503883     
  0.000000000000000E+000   1.83192503452301      -0.169105639201494     
  0.000000000000000E+000   2.13724587361018      -0.168664025991339     
  0.000000000000000E+000   2.44256671269735      -0.167510584713425     
  0.000000000000000E+000   2.74788755178452      -0.165671368693924     
  0.000000000000000E+000   3.05320839087168      -0.163591621463199     
  0.000000000000000E+000   3.35852922995885      -0.161981133050287     
  0.000000000000000E+000   3.66385006904602      -0.159322771258481     
  0.000000000000000E+000   3.96917090813319      -0.153510937501840     
  0.000000000000000E+000   4.27449174722036      -0.146332933817499     
  0.000000000000000E+000   4.57981258630753      -0.136888145477449     
  0.000000000000000E+000   4.88513342539469      -0.127906732928062     
  0.000000000000000E+000   5.19045426448186      -0.120505039996988     
  0.000000000000000E+000   5.49577510356903      -0.114517427252417     
  0.000000000000000E+000   5.80109594265620      -0.110121723263018     
  0.000000000000000E+000   6.10641678174337      -0.107022699965789     
  0.000000000000000E+000   6.41173762083054      -0.104598737837962     
  0.000000000000000E+000   6.71705845991770      -0.102081756836714     
  0.000000000000000E+000   7.02237929900487      -9.962514185488477E-002
  0.000000000000000E+000   7.32770013809204      -9.639034966481642E-002
  0.305320839087168       0.000000000000000E+000 -0.173650112294294     
  0.305320839087168       0.305320839087168      -0.175277117779628     
  0.305320839087168       0.610641678174337      -0.178682981593676     
  0.305320839087168       0.915962517261505      -0.182781406323409     
  0.305320839087168        1.22128335634867      -0.184813803595537     
  0.305320839087168        1.52660419543584      -0.185664798566772     
  0.305320839087168        1.83192503452301      -0.185810523435175     
  0.305320839087168        2.13724587361018      -0.185207427758980     
  0.305320839087168        2.44256671269735      -0.183488727981374     
  0.305320839087168        2.74788755178452      -0.180154628673564     
  0.305320839087168        3.05320839087168      -0.175234098024453     
  0.305320839087168        3.35852922995885      -0.170001481724961     
  0.305320839087168        3.66385006904602      -0.165874893860926     
  0.305320839087168        3.96917090813319      -0.160638502566366     
  0.305320839087168        4.27449174722036      -0.153423716888120     
  0.305320839087168        4.57981258630753      -0.144445655993982     
  0.305320839087168        4.88513342539469      -0.135576761357359     
  0.305320839087168        5.19045426448186      -0.127834800387599     
  0.305320839087168        5.49577510356903      -0.121239881365153     
  0.305320839087168        5.80109594265620      -0.116065184751554     
  0.305320839087168        6.10641678174337      -0.112044883315718     
  0.305320839087168        6.41173762083054      -0.108541116196724     
  0.305320839087168        6.71705845991770      -0.104732336345038     
  0.305320839087168        7.02237929900487      -0.101267016916617     
  0.305320839087168        7.32770013809204      -9.867542433209375E-002
  0.610641678174337       0.000000000000000E+000 -0.181363981362643     
  0.610641678174337       0.305320839087168      -0.188451948404483     
  0.610641678174337       0.610641678174337      -0.194429681444979     
  0.610641678174337       0.915962517261505      -0.199233825453363     
  0.610641678174337        1.22128335634867      -0.202191957419259     
  0.610641678174337        1.52660419543584      -0.203826289173519     
  0.610641678174337        1.83192503452301      -0.204376741988570     
  0.610641678174337        2.13724587361018      -0.203824771725870     
  0.610641678174337        2.44256671269735      -0.201792348306026     
  0.610641678174337        2.74788755178452      -0.197666953490975     
  0.610641678174337        3.05320839087168      -0.191131605723608     
  0.610641678174337        3.35852922995885      -0.183168494799062     
  0.610641678174337        3.66385006904602      -0.175661279252240     
  0.610641678174337        3.96917090813319      -0.168783497972681     
  0.610641678174337        4.27449174722036      -0.161034886396456     
  0.610641678174337        4.57981258630753      -0.152196513363327     
  0.610641678174337        4.88513342539469      -0.143397020532768     
  0.610641678174337        5.19045426448186      -0.135271156827488     
  0.610641678174337        5.49577510356903      -0.128062510125893     
  0.610641678174337        5.80109594265620      -0.122007570528662     
  0.610641678174337        6.10641678174337      -0.116940302313628     
  0.610641678174337        6.41173762083054      -0.112401743433158     
  0.610641678174337        6.71705845991770      -0.107913193859957     
  0.610641678174337        7.02237929900487      -0.103625401058416     
  0.610641678174337        7.32770013809204      -9.933075218651505E-002
  0.915962517261505       0.000000000000000E+000 -0.191000561692164     
  0.915962517261505       0.305320839087168      -0.201526205539279     
  0.915962517261505       0.610641678174337      -0.209841940935620     
  0.915962517261505       0.915962517261505      -0.216099696947625     
  0.915962517261505        1.22128335634867      -0.220571771216935     
  0.915962517261505        1.52660419543584      -0.223435249120790     
  0.915962517261505        1.83192503452301      -0.224693352523985     
  0.915962517261505        2.13724587361018      -0.224472670847347     
  0.915962517261505        2.44256671269735      -0.222260189969176     
  0.915962517261505        2.74788755178452      -0.217647500681759     
  0.915962517261505        3.05320839087168      -0.210480227849144     
  0.915962517261505        3.35852922995885      -0.201280665006577     
  0.915962517261505        3.66385006904602      -0.191329610307480     
  0.915962517261505        3.96917090813319      -0.181401495329912     
  0.915962517261505        4.27449174722036      -0.171398282431865     
  0.915962517261505        4.57981258630753      -0.161391760124629     
  0.915962517261505        4.88513342539469      -0.151828797189453     
  0.915962517261505        5.19045426448186      -0.142966905163912     
  0.915962517261505        5.49577510356903      -0.134949734413164     
  0.915962517261505        5.80109594265620      -0.127899271808192     
  0.915962517261505        6.10641678174337      -0.121690568775168     
  0.915962517261505        6.41173762083054      -0.116048767183893     
  0.915962517261505        6.71705845991770      -0.110696581440333     
  0.915962517261505        7.02237929900487      -0.105424975258548     
  0.915962517261505        7.32770013809204      -9.997645812590042E-002
   1.22128335634867       0.000000000000000E+000 -0.200378664939504     
   1.22128335634867       0.305320839087168      -0.213282233378275     
   1.22128335634867       0.610641678174337      -0.224377887820472     
   1.22128335634867       0.915962517261505      -0.233427398672670     
   1.22128335634867        1.22128335634867      -0.240324996391171     
   1.22128335634867        1.52660419543584      -0.244901732651091     
   1.22128335634867        1.83192503452301      -0.247178896500381     
   1.22128335634867        2.13724587361018      -0.247203341244593     
   1.22128335634867        2.44256671269735      -0.244534386672158     
   1.22128335634867        2.74788755178452      -0.239042623497523     
   1.22128335634867        3.05320839087168      -0.230871196194559     
   1.22128335634867        3.35852922995885      -0.220454904906205     
   1.22128335634867        3.66385006904602      -0.208521419356398     
   1.22128335634867        3.96917090813319      -0.195950243017697     
   1.22128335634867        4.27449174722036      -0.183483105088064     
   1.22128335634867        4.57981258630753      -0.171685281501756     
   1.22128335634867        4.88513342539469      -0.160824874298763     
   1.22128335634867        5.19045426448186      -0.150916791663413     
   1.22128335634867        5.49577510356903      -0.141881491774656     
   1.22128335634867        5.80109594265620      -0.133703859533319     
   1.22128335634867        6.10641678174337      -0.126287406893060     
   1.22128335634867        6.41173762083054      -0.119449487797600     
   1.22128335634867        6.71705845991770      -0.113030162204066     
   1.22128335634867        7.02237929900487      -0.106844017138488     
   1.22128335634867        7.32770013809204      -0.100739109660251     
   1.52660419543584       0.000000000000000E+000 -0.211842331665853     
   1.52660419543584       0.305320839087168      -0.227061193489384     
   1.52660419543584       0.610641678174337      -0.241116891044684     
   1.52660419543584       0.915962517261505      -0.253369433242256     
   1.52660419543584        1.22128335634867      -0.263062818309550     
   1.52660419543584        1.52660419543584      -0.269573265770182     
   1.52660419543584        1.83192503452301      -0.272738476495143     
   1.52660419543584        2.13724587361018      -0.272302266191160     
   1.52660419543584        2.44256671269735      -0.268371471452936     
   1.52660419543584        2.74788755178452      -0.261287241620056     
   1.52660419543584        3.05320839087168      -0.251435227402850     
   1.52660419543584        3.35852922995885      -0.239247512919796     
   1.52660419543584        3.66385006904602      -0.225347296847574     
   1.52660419543584        3.96917090813319      -0.210613485774978     
   1.52660419543584        4.27449174722036      -0.196029440708190     
   1.52660419543584        4.57981258630753      -0.182384782346348     
   1.52660419543584        4.88513342539469      -0.170039554632051     
   1.52660419543584        5.19045426448186      -0.158926631714464     
   1.52660419543584        5.49577510356903      -0.148783814849329     
   1.52660419543584        5.80109594265620      -0.139418709096385     
   1.52660419543584        6.10641678174337      -0.130783093345256     
   1.52660419543584        6.41173762083054      -0.122788302722180     
   1.52660419543584        6.71705845991770      -0.115366670316079     
   1.52660419543584        7.02237929900487      -0.108420776267084     
   1.52660419543584        7.32770013809204      -0.101836573832760     
   1.83192503452301       0.000000000000000E+000 -0.227826069219747     
   1.83192503452301       0.305320839087168      -0.245751259200892     
   1.83192503452301       0.610641678174337      -0.262902035992558     
   1.83192503452301       0.915962517261505      -0.278377638639487     
   1.83192503452301        1.22128335634867      -0.290855245519211     
   1.83192503452301        1.52660419543584      -0.299079837557814     
   1.83192503452301        1.83192503452301      -0.302189014822313     
   1.83192503452301        2.13724587361018      -0.300145772109829     
   1.83192503452301        2.44256671269735      -0.293712212688703     
   1.83192503452301        2.74788755178452      -0.283939934093729     
   1.83192503452301        3.05320839087168      -0.271652041841572     
   1.83192503452301        3.35852922995885      -0.257340580738583     
   1.83192503452301        3.66385006904602      -0.241467064519576     
   1.83192503452301        3.96917090813319      -0.224771913680691     
   1.83192503452301        4.27449174722036      -0.208255243302272     
   1.83192503452301        4.57981258630753      -0.192842745213261     
   1.83192503452301        4.88513342539469      -0.179011950919988     
   1.83192503452301        5.19045426448186      -0.166683660090276     
   1.83192503452301        5.49577510356903      -0.155461764202000     
   1.83192503452301        5.80109594265620      -0.145003393286330     
   1.83192503452301        6.10641678174337      -0.135216046315194     
   1.83192503452301        6.41173762083054      -0.126170478919530     
   1.83192503452301        6.71705845991770      -0.117899574747260     
   1.83192503452301        7.02237929900487      -0.110342194945032     
   1.83192503452301        7.32770013809204      -0.103362166854277     
   2.13724587361018       0.000000000000000E+000 -0.250110080167304     
   2.13724587361018       0.305320839087168      -0.271349189314655     
   2.13724587361018       0.610641678174337      -0.291636290505210     
   2.13724587361018       0.915962517261505      -0.310010565459332     
   2.13724587361018        1.22128335634867      -0.324714257818424     
   2.13724587361018        1.52660419543584      -0.333726172509223     
   2.13724587361018        1.83192503452301      -0.335699236209743     
   2.13724587361018        2.13724587361018      -0.330761794743832     
   2.13724587361018        2.44256671269735      -0.320431475498814     
   2.13724587361018        2.74788755178452      -0.306699216105624     
   2.13724587361018        3.05320839087168      -0.291046706126176     
   2.13724587361018        3.35852922995885      -0.274126323285256     
   2.13724587361018        3.66385006904602      -0.256192537221267     
   2.13724587361018        3.96917090813319      -0.237697977509961     
   2.13724587361018        4.27449174722036      -0.219484439883893     
   2.13724587361018        4.57981258630753      -0.202499125408462     
   2.13724587361018        4.88513342539469      -0.187312064508647     
   2.13724587361018        5.19045426448186      -0.173863042465461     
   2.13724587361018        5.49577510356903      -0.161663474480260     
   2.13724587361018        5.80109594265620      -0.150247073983843     
   2.13724587361018        6.10641678174337      -0.139480274646754     
   2.13724587361018        6.41173762083054      -0.129523596686529     
   2.13724587361018        6.71705845991770      -0.120556696879220     
   2.13724587361018        7.02237929900487      -0.112550434835015     
   2.13724587361018        7.32770013809204      -0.105266226298222     
   2.44256671269735       0.000000000000000E+000 -0.279601090774054     
   2.44256671269735       0.305320839087168      -0.305010358310077     
   2.44256671269735       0.610641678174337      -0.328486332735273     
   2.44256671269735       0.915962517261505      -0.348661479927330     
   2.44256671269735        1.22128335634867      -0.364041629806594     
   2.44256671269735        1.52660419543584      -0.372486560483377     
   2.44256671269735        1.83192503452301      -0.372174764080049     
   2.44256671269735        2.13724587361018      -0.363217997429042     
   2.44256671269735        2.44256671269735      -0.347834193754984     
   2.44256671269735        2.74788755178452      -0.329057978064795     
   2.44256671269735        3.05320839087168      -0.309200273362431     
   2.44256671269735        3.35852922995885      -0.289192961038231     
   2.44256671269735        3.66385006904602      -0.269081888653967     
   2.44256671269735        3.96917090813319      -0.248925578387012     
   2.44256671269735        4.27449174722036      -0.229265803095150     
   2.44256671269735        4.57981258630753      -0.210959319627377     
   2.44256671269735        4.88513342539469      -0.194615596864508     
   2.44256671269735        5.19045426448186      -0.180196377856680     
   2.44256671269735        5.49577510356903      -0.167153215714892     
   2.44256671269735        5.80109594265620      -0.154924585126344     
   2.44256671269735        6.10641678174337      -0.143340129262816     
   2.44256671269735        6.41173762083054      -0.132629400494003     
   2.44256671269735        6.71705845991770      -0.123096485532574     
   2.44256671269735        7.02237929900487      -0.114770344808477     
   2.44256671269735        7.32770013809204      -0.107309113625882     
   2.74788755178452       0.000000000000000E+000 -0.318198130624669     
   2.74788755178452       0.305320839087168      -0.348708817342198     
   2.74788755178452       0.610641678174337      -0.375812111243097     
   2.74788755178452       0.915962517261505      -0.395291191699246     
   2.74788755178452        1.22128335634867      -0.407151497671888     
   2.74788755178452        1.52660419543584      -0.412609821179508     
   2.74788755178452        1.83192503452301      -0.408802609852394     
   2.74788755178452        2.13724587361018      -0.395145485396194     
   2.74788755178452        2.44256671269735      -0.374188491416666     
   2.74788755178452        2.74788755178452      -0.349892409781566     
   2.74788755178452        3.05320839087168      -0.325441662784702     
   2.74788755178452        3.35852922995885      -0.302144464038428     
   2.74788755178452        3.66385006904602      -0.279860953305873     
   2.74788755178452        3.96917090813319      -0.258196609738038     
   2.74788755178452        4.27449174722036      -0.237328305089493     
   2.74788755178452        4.57981258630753      -0.217959646618848     
   2.74788755178452        4.88513342539469      -0.200683256904435     
   2.74788755178452        5.19045426448186      -0.185467162951818     
   2.74788755178452        5.49577510356903      -0.171726455083492     
   2.74788755178452        5.80109594265620      -0.158832350582685     
   2.74788755178452        6.10641678174337      -0.146584777153068     
   2.74788755178452        6.41173762083054      -0.135274064344935     
   2.74788755178452        6.71705845991770      -0.125297321425242     
   2.74788755178452        7.02237929900487      -0.116854701057687     
   2.74788755178452        7.32770013809204      -0.109535923968536     
   3.05320839087168       0.000000000000000E+000 -0.362637817556303     
   3.05320839087168       0.305320839087168      -0.399090850021972     
   3.05320839087168       0.610641678174337      -0.429205101269959     
   3.05320839087168       0.915962517261505      -0.447161369290975     
   3.05320839087168        1.22128335634867      -0.450487539243074     
   3.05320839087168        1.52660419543584      -0.449349212625375     
   3.05320839087168        1.83192503452301      -0.441076506240726     
   3.05320839087168        2.13724587361018      -0.422779622088551     
   3.05320839087168        2.44256671269735      -0.396673621717314     
   3.05320839087168        2.74788755178452      -0.367329115632896     
   3.05320839087168        3.05320839087168      -0.338686507058054     
   3.05320839087168        3.35852922995885      -0.312435892334151     
   3.05320839087168        3.66385006904602      -0.288261994087182     
   3.05320839087168        3.96917090813319      -0.265317807855538     
   3.05320839087168        4.27449174722036      -0.243463465666024     
   3.05320839087168        4.57981258630753      -0.223272702286927     
   3.05320839087168        4.88513342539469      -0.205290055129849     
   3.05320839087168        5.19045426448186      -0.189466342432835     
   3.05320839087168        5.49577510356903      -0.175189887403627     
   3.05320839087168        5.80109594265620      -0.161783946896397     
   3.05320839087168        6.10641678174337      -0.149015131223284     
   3.05320839087168        6.41173762083054      -0.137147851399607     
   3.05320839087168        6.71705845991770      -0.126695745655110     
   3.05320839087168        7.02237929900487      -0.118359533144852     
   3.05320839087168        7.32770013809204      -0.111592815063008     
   3.35852922995885       0.000000000000000E+000 -0.400391274063615     
   3.35852922995885       0.305320839087168      -0.443984448493923     
   3.35852922995885       0.610641678174337      -0.476264839741407     
   3.35852922995885       0.915962517261505      -0.490087389006618     
   3.35852922995885        1.22128335634867      -0.486064650080295     
   3.35852922995885        1.52660419543584      -0.476100682292175     
   3.35852922995885        1.83192503452301      -0.463593091231974     
   3.35852922995885        2.13724587361018      -0.441759794500496     
   3.35852922995885        2.44256671269735      -0.411978149376138     
   3.35852922995885        2.74788755178452      -0.379085777241122     
   3.35852922995885        3.05320839087168      -0.347529147191848     
   3.35852922995885        3.35852922995885      -0.319274057449280     
   3.35852922995885        3.66385006904602      -0.293831300039066     
   3.35852922995885        3.96917090813319      -0.269970308566521     
   3.35852922995885        4.27449174722036      -0.247393344487010     
   3.35852922995885        4.57981258630753      -0.226635439712437     
   3.35852922995885        4.88513342539469      -0.208191802143814     
   3.35852922995885        5.19045426448186      -0.191979537313660     
   3.35852922995885        5.49577510356903      -0.177360278972944     
   3.35852922995885        5.80109594265620      -0.163620862595491     
   3.35852922995885        6.10641678174337      -0.150476534888786     
   3.35852922995885        6.41173762083054      -0.138081417492007     
   3.35852922995885        6.71705845991770      -0.127112267498873     
   3.35852922995885        7.02237929900487      -0.118927830652721     
   3.35852922995885        7.32770013809204      -0.112710924260655     
   3.66385006904602       0.000000000000000E+000 -0.416281972307027     
   3.66385006904602       0.305320839087168      -0.463110445997295     
   3.66385006904602       0.610641678174337      -0.495976386487424     
   3.66385006904602       0.915962517261505      -0.507198049034241     
   3.66385006904602        1.22128335634867      -0.500107889712936     
   3.66385006904602        1.52660419543584      -0.486056103617349     
   3.66385006904602        1.83192503452301      -0.471720634596234     
   3.66385006904602        2.13724587361018      -0.448542618692793     
   3.66385006904602        2.44256671269735      -0.417420947066232     
   3.66385006904602        2.74788755178452      -0.383252561438814     
   3.66385006904602        3.05320839087168      -0.350662161678474     
   3.66385006904602        3.35852922995885      -0.321717231841712     
   3.66385006904602        3.66385006904602      -0.295841357800706     
   3.66385006904602        3.96917090813319      -0.271629668509544     
   3.66385006904602        4.27449174722036      -0.248765274581447     
   3.66385006904602        4.57981258630753      -0.227793663519056     
   3.66385006904602        4.88513342539469      -0.209185674833224     
   3.66385006904602        5.19045426448186      -0.192838984832362     
   3.66385006904602        5.49577510356903      -0.178101428994706     
   3.66385006904602        5.80109594265620      -0.164244387232839     
   3.66385006904602        6.10641678174337      -0.150952412156520     
   3.66385006904602        6.41173762083054      -0.138324959864596     
   3.66385006904602        6.71705845991770      -0.127086790638278     
   3.66385006904602        7.02237929900487      -0.119079662612094     
   3.66385006904602        7.32770013809204      -0.113260018911049     
   3.96917090813319       0.000000000000000E+000 -0.400390677583758     
   3.96917090813319       0.305320839087168      -0.444004885111620     
   3.96917090813319       0.610641678174337      -0.476284696339176     
   3.96917090813319       0.915962517261505      -0.490101328264460     
   3.96917090813319        1.22128335634867      -0.486073876715262     
   3.96917090813319        1.52660419543584      -0.476106968007782     
   3.96917090813319        1.83192503452301      -0.463597674233559     
   3.96917090813319        2.13724587361018      -0.441763269650665     
   3.96917090813319        2.44256671269735      -0.411980967192786     
   3.96917090813319        2.74788755178452      -0.379088267174682     
   3.96917090813319        3.05320839087168      -0.347531555483866     
   3.96917090813319        3.35852922995885      -0.319276507395184     
   3.96917090813319        3.66385006904602      -0.293833800200372     
   3.96917090813319        3.96917090813319      -0.269972883883580     
   3.96917090813319        4.27449174722036      -0.247395977443055     
   3.96917090813319        4.57981258630753      -0.226638146682456     
   3.96917090813319        4.88513342539469      -0.208194620413256     
   3.96917090813319        5.19045426448186      -0.191982543496428     
   3.96917090813319        5.49577510356903      -0.177363558748816     
   3.96917090813319        5.80109594265620      -0.163624570205703     
   3.96917090813319        6.10641678174337      -0.150481031094844     
   3.96917090813319        6.41173762083054      -0.138087332675593     
   3.96917090813319        6.71705845991770      -0.127119795376349     
   3.96917090813319        7.02237929900487      -0.118934562035981     
   3.96917090813319        7.32770013809204      -0.112707637286565     
   4.27449174722036       0.000000000000000E+000 -0.362637569945619     
   4.27449174722036       0.305320839087168      -0.399111539446327     
   4.27449174722036       0.610641678174337      -0.429230503860044     
   4.27449174722036       0.915962517261505      -0.447182767878478     
   4.27449174722036        1.22128335634867      -0.450503685638424     
   4.27449174722036        1.52660419543584      -0.449361680375754     
   4.27449174722036        1.83192503452301      -0.441086327455191     
   4.27449174722036        2.13724587361018      -0.422787464580139     
   4.27449174722036        2.44256671269735      -0.396680136477643     
   4.27449174722036        2.74788755178452      -0.367334815546456     
   4.27449174722036        3.05320839087168      -0.338691790361039     
   4.27449174722036        3.35852922995885      -0.312440976123591     
   4.27449174722036        3.66385006904602      -0.288267012970242     
   4.27449174722036        3.96917090813319      -0.265322837716249     
   4.27449174722036        4.27449174722036      -0.243468559532569     
   4.27449174722036        4.57981258630753      -0.223277943214130     
   4.27449174722036        4.88513342539469      -0.205295549240246     
   4.27449174722036        5.19045426448186      -0.189472186627705     
   4.27449174722036        5.49577510356903      -0.175196229182150     
   4.27449174722036        5.80109594265620      -0.161790946694904     
   4.27449174722036        6.10641678174337      -0.149023083366665     
   4.27449174722036        6.41173762083054      -0.137157243501018     
   4.27449174722036        6.71705845991770      -0.126705677417674     
   4.27449174722036        7.02237929900487      -0.118365691375792     
   4.27449174722036        7.32770013809204      -0.111588313597695     
   4.57981258630753       0.000000000000000E+000 -0.318199442984974     
   4.57981258630753       0.305320839087168      -0.348725818368561     
   4.57981258630753       0.610641678174337      -0.375836240123912     
   4.57981258630753       0.915962517261505      -0.395315295244645     
   4.57981258630753        1.22128335634867      -0.407173089987020     
   4.57981258630753        1.52660419543584      -0.412628635922481     
   4.57981258630753        1.83192503452301      -0.408818693375110     
   4.57981258630753        2.13724587361018      -0.395159107100484     
   4.57981258630753        2.44256671269735      -0.374200093882692     
   4.57981258630753        2.74788755178452      -0.349902493028245     
   4.57981258630753        3.05320839087168      -0.325450623088519     
   4.57981258630753        3.35852922995885      -0.302152611950479     
   4.57981258630753        3.66385006904602      -0.279868541677174     
   4.57981258630753        3.96917090813319      -0.258203909062420     
   4.57981258630753        4.27449174722036      -0.237335548788882     
   4.57981258630753        4.57981258630753      -0.217967084960269     
   4.57981258630753        4.88513342539469      -0.200691087905246     
   4.57981258630753        5.19045426448186      -0.185475532157962     
   4.57981258630753        5.49577510356903      -0.171735488369987     
   4.57981258630753        5.80109594265620      -0.158842094291919     
   4.57981258630753        6.10641678174337      -0.146595239473911     
   4.57981258630753        6.41173762083054      -0.135285141098041     
   4.57981258630753        6.71705845991770      -0.125307892466634     
   4.57981258630753        7.02237929900487      -0.116861414828849     
   4.57981258630753        7.32770013809204      -0.109535359326053     
   4.88513342539469       0.000000000000000E+000 -0.279605421272427     
   4.88513342539469       0.305320839087168      -0.305026238520997     
   4.88513342539469       0.610641678174337      -0.328509766183003     
   4.88513342539469       0.915962517261505      -0.348688062982752     
   4.88513342539469        1.22128335634867      -0.364068464158187     
   4.88513342539469        1.52660419543584      -0.372511978473313     
   4.88513342539469        1.83192503452301      -0.372197938920008     
   4.88513342539469        2.13724587361018      -0.363238599251233     
   4.88513342539469        2.44256671269735      -0.347852253257183     
   4.88513342539469        2.74788755178452      -0.329073649583959     
   4.88513342539469        3.05320839087168      -0.309213776084154     
   4.88513342539469        3.35852922995885      -0.289204608440145     
   4.88513342539469        3.66385006904602      -0.269092090475621     
   4.88513342539469        3.96917090813319      -0.248934887831418     
   4.88513342539469        4.27449174722036      -0.229274809533372     
   4.88513342539469        4.57981258630753      -0.210968497586637     
   4.88513342539469        4.88513342539469      -0.194625338198089     
   4.88513342539469        5.19045426448186      -0.180206854662613     
   4.88513342539469        5.49577510356903      -0.167164469684512     
   4.88513342539469        5.80109594265620      -0.154936549048961     
   4.88513342539469        6.10641678174337      -0.143352578198719     
   4.88513342539469        6.41173762083054      -0.132641913995787     
   4.88513342539469        6.71705845991770      -0.123108138921559     
   4.88513342539469        7.02237929900487      -0.114779497062739     
   4.88513342539469        7.32770013809204      -0.107314203183556     
   5.19045426448186       0.000000000000000E+000 -0.250117937493961     
   5.19045426448186       0.305320839087168      -0.271366832122954     
   5.19045426448186       0.610641678174337      -0.291661819465452     
   5.19045426448186       0.915962517261505      -0.310040830907896     
   5.19045426448186        1.22128335634867      -0.324746324662968     
   5.19045426448186        1.52660419543584      -0.333757957165222     
   5.19045426448186        1.83192503452301      -0.335729457222878     
   5.19045426448186        2.13724587361018      -0.330789686998090     
   5.19045426448186        2.44256671269735      -0.320456553761085     
   5.19045426448186        2.74788755178452      -0.306721156880044     
   5.19045426448186        3.05320839087168      -0.291065394056138     
   5.19045426448186        3.35852922995885      -0.274141871486840     
   5.19045426448186        3.66385006904602      -0.256205457190791     
   5.19045426448186        3.96917090813319      -0.237709095596673     
   5.19045426448186        4.27449174722036      -0.219494752920659     
   5.19045426448186        4.57981258630753      -0.202509528155917     
   5.19045426448186        4.88513342539469      -0.187323164788868     
   5.19045426448186        5.19045426448186      -0.173875079912529     
   5.19045426448186        5.49577510356903      -0.161676431369324     
   5.19045426448186        5.80109594265620      -0.150260727746211     
   5.19045426448186        6.10641678174337      -0.139494335536406     
   5.19045426448186        6.41173762083054      -0.129537659226016     
   5.19045426448186        6.71705845991770      -0.120570202947472     
   5.19045426448186        7.02237929900487      -0.112562643748914     
   5.19045426448186        7.32770013809204      -0.105276569357993     
   5.49577510356903       0.000000000000000E+000 -0.227837051363125     
   5.49577510356903       0.305320839087168      -0.245772416943744     
   5.49577510356903       0.610641678174337      -0.262931802376123     
   5.49577510356903       0.915962517261505      -0.278412625854516     
   5.49577510356903        1.22128335634867      -0.290892298408766     
   5.49577510356903        1.52660419543584      -0.299116966054839     
   5.49577510356903        1.83192503452301      -0.302225104750519     
   5.49577510356903        2.13724587361018      -0.300179995994103     
   5.49577510356903        2.44256671269735      -0.293743776719549     
   5.49577510356903        2.74788755178452      -0.283968029217411     
   5.49577510356903        3.05320839087168      -0.271676016268022     
   5.49577510356903        3.35852922995885      -0.257360168568849     
   5.49577510356903        3.66385006904602      -0.241482587693035     
   5.49577510356903        3.96917090813319      -0.224784520700976     
   5.49577510356903        4.27449174722036      -0.208266414210381     
   5.49577510356903        4.57981258630753      -0.192853848911340     
   5.49577510356903        4.88513342539469      -0.179023878243277     
   5.49577510356903        5.19045426448186      -0.166696715046367     
   5.49577510356903        5.49577510356903      -0.155475822786185     
   5.49577510356903        5.80109594265620      -0.145018134377966     
   5.49577510356903        6.10641678174337      -0.135231164523773     
   5.49577510356903        6.41173762083054      -0.126185804251222     
   5.49577510356903        6.71705845991770      -0.117914978824855     
   5.49577510356903        7.02237929900487      -0.110357400071556     
   5.49577510356903        7.32770013809204      -0.103376930441997     
   5.80109594265620       0.000000000000000E+000 -0.211856420079348     
   5.80109594265620       0.305320839087168      -0.227088065229453     
   5.80109594265620       0.610641678174337      -0.241153594871331     
   5.80109594265620       0.915962517261505      -0.253410908556925     
   5.80109594265620        1.22128335634867      -0.263104921574553     
   5.80109594265620        1.52660419543584      -0.269614153568820     
   5.80109594265620        1.83192503452301      -0.272778164382789     
   5.80109594265620        2.13724587361018      -0.272340580881754     
   5.80109594265620        2.44256671269735      -0.268407765438946     
   5.80109594265620        2.74788755178452      -0.261320478022363     
   5.80109594265620        3.05320839087168      -0.251464152063582     
   5.80109594265620        3.35852922995885      -0.239271004917689     
   5.80109594265620        3.66385006904602      -0.225365146178486     
   5.80109594265620        3.96917090813319      -0.210626948254584     
   5.80109594265620        4.27449174722036      -0.196040803031706     
   5.80109594265620        4.57981258630753      -0.182396071810524     
   5.80109594265620        4.88513342539469      -0.170051892398161     
   5.80109594265620        5.19045426448186      -0.158940258140522     
   5.80109594265620        5.49577510356903      -0.148798431103009     
   5.80109594265620        5.80109594265620      -0.139433800569855     
   5.80109594265620        6.10641678174337      -0.130798367204145     
   5.80109594265620        6.41173762083054      -0.122803708265580     
   5.80109594265620        6.71705845991770      -0.115382755152016     
   5.80109594265620        7.02237929900487      -0.108437924933410     
   5.80109594265620        7.32770013809204      -0.101854461877651     
   6.10641678174337       0.000000000000000E+000 -0.200395559474028     
   6.10641678174337       0.305320839087168      -0.213318952157216     
   6.10641678174337       0.610641678174337      -0.224426210569526     
   6.10641678174337       0.915962517261505      -0.233477627697694     
   6.10641678174337        1.22128335634867      -0.240371843111803     
   6.10641678174337        1.52660419543584      -0.244944442310546     
   6.10641678174337        1.83192503452301      -0.247219150149838     
   6.10641678174337        2.13724587361018      -0.247242640620610     
   6.10641678174337        2.44256671269735      -0.244572937568724     
   6.10641678174337        2.74788755178452      -0.239079644635823     
   6.10641678174337        3.05320839087168      -0.230904962664237     
   6.10641678174337        3.35852922995885      -0.220482555549200     
   6.10641678174337        3.66385006904602      -0.208540749912995     
   6.10641678174337        3.96917090813319      -0.195962868643642     
   6.10641678174337        4.27449174722036      -0.183493395895538     
   6.10641678174337        4.57981258630753      -0.171696281089574     
   6.10641678174337        4.88513342539469      -0.160837516847255     
   6.10641678174337        5.19045426448186      -0.150930906309288     
   6.10641678174337        5.49577510356903      -0.141896326827674     
   6.10641678174337        5.80109594265620      -0.133718475242195     
   6.10641678174337        6.10641678174337      -0.126300759041879     
   6.10641678174337        6.41173762083054      -0.119462001044937     
   6.10641678174337        6.71705845991770      -0.113044656359127     
   6.10641678174337        7.02237929900487      -0.106862580396328     
   6.10641678174337        7.32770013809204      -0.100759795749076     
   6.41173762083054       0.000000000000000E+000 -0.191020072052106     
   6.41173762083054       0.305320839087168      -0.201581466215654     
   6.41173762083054       0.610641678174337      -0.209909793281782     
   6.41173762083054       0.915962517261505      -0.216161066863604     
   6.41173762083054        1.22128335634867      -0.220621779867568     
   6.41173762083054        1.52660419543584      -0.223476553332553     
   6.41173762083054        1.83192503452301      -0.224730584141274     
   6.41173762083054        2.13724587361018      -0.224509494112511     
   6.41173762083054        2.44256671269735      -0.222298240600303     
   6.41173762083054        2.74788755178452      -0.217687386103105     
   6.41173762083054        3.05320839087168      -0.210519975124420     
   6.41173762083054        3.35852922995885      -0.201313517977750     
   6.41173762083054        3.66385006904602      -0.191349718525522     
   6.41173762083054        3.96917090813319      -0.181411325983294     
   6.41173762083054        4.27449174722036      -0.171405785172891     
   6.41173762083054        4.57981258630753      -0.161402214228990     
   6.41173762083054        4.88513342539469      -0.151842341616247     
   6.41173762083054        5.19045426448186      -0.142982048509063     
   6.41173762083054        5.49577510356903      -0.134965003010978     
   6.41173762083054        5.80109594265620      -0.127912655441286     
   6.41173762083054        6.10641678174337      -0.121699718360084     
   6.41173762083054        6.41173762083054      -0.116054147004338     
   6.41173762083054        6.71705845991770      -0.110705332338949     
   6.41173762083054        7.02237929900487      -0.105445547937980     
   6.41173762083054        7.32770013809204      -0.100001687984693     
   6.71705845991770       0.000000000000000E+000 -0.181385911908783     
   6.71705845991770       0.305320839087168      -0.188538378027908     
   6.71705845991770       0.610641678174337      -0.194521694543597     
   6.71705845991770       0.915962517261505      -0.199302736838227     
   6.71705845991770        1.22128335634867      -0.202239523873686     
   6.71705845991770        1.52660419543584      -0.203861311197331     
   6.71705845991770        1.83192503452301      -0.204406931091671     
   6.71705845991770        2.13724587361018      -0.203855627808723     
   6.71705845991770        2.44256671269735      -0.201826969378163     
   6.71705845991770        2.74788755178452      -0.197707955812513     
   6.71705845991770        3.05320839087168      -0.191176740267508     
   6.71705845991770        3.35852922995885      -0.183207746865865     
   6.71705845991770        3.66385006904602      -0.175682419241130     
   6.71705845991770        3.96917090813319      -0.168791000327669     
   6.71705845991770        4.27449174722036      -0.161042169435251     
   6.71705845991770        4.57981258630753      -0.152208673808637     
   6.71705845991770        4.88513342539469      -0.143413150852615     
   6.71705845991770        5.19045426448186      -0.135288621757114     
   6.71705845991770        5.49577510356903      -0.128079310685485     
   6.71705845991770        5.80109594265620      -0.122020863184410     
   6.71705845991770        6.10641678174337      -0.116946194836343     
   6.71705845991770        6.41173762083054      -0.112397843889358     
   6.71705845991770        6.71705845991770      -0.107908359046168     
   6.71705845991770        7.02237929900487      -0.103645323711066     
   6.71705845991770        7.32770013809204      -9.936339503867002E-002
   7.02237929900487       0.000000000000000E+000 -0.173671876565996     
   7.02237929900487       0.305320839087168      -0.175381326980620     
   7.02237929900487       0.610641678174337      -0.178770092523713     
   7.02237929900487       0.915962517261505      -0.182834763927982     
   7.02237929900487        1.22128335634867      -0.184846343194501     
   7.02237929900487        1.52660419543584      -0.185687152006119     
   7.02237929900487        1.83192503452301      -0.185829989576370     
   7.02237929900487        2.13724587361018      -0.185229281635010     
   7.02237929900487        2.44256671269735      -0.183516259761357     
   7.02237929900487        2.74788755178452      -0.180190834152353     
   7.02237929900487        3.05320839087168      -0.175278422755725     
   7.02237929900487        3.35852922995885      -0.170044481638552     
   7.02237929900487        3.66385006904602      -0.165898158838099     
   7.02237929900487        3.96917090813319      -0.160650474990945     
   7.02237929900487        4.27449174722036      -0.153439145548659     
   7.02237929900487        4.57981258630753      -0.144465375760065     
   7.02237929900487        4.88513342539469      -0.135598279236186     
   7.02237929900487        5.19045426448186      -0.127856174559935     
   7.02237929900487        5.49577510356903      -0.121260094629901     
   7.02237929900487        5.80109594265620      -0.116082419588001     
   7.02237929900487        6.10641678174337      -0.112056050916289     
   7.02237929900487        6.41173762083054      -0.108541472227431     
   7.02237929900487        6.71705845991770      -0.104719184685551     
   7.02237929900487        7.02237929900487      -0.101266123203078     
   7.02237929900487        7.32770013809204      -9.870801718423754E-002
   7.32770013809204       0.000000000000000E+000 -0.166661170119859     
   7.32770013809204       0.305320839087168      -0.168570027596843     
   7.32770013809204       0.610641678174337      -0.168112640309251     
   7.32770013809204       0.915962517261505      -0.168605400531343     
   7.32770013809204        1.22128335634867      -0.168992870426867     
   7.32770013809204        1.52660419543584      -0.169173413776665     
   7.32770013809204        1.83192503452301      -0.169112529525597     
   7.32770013809204        2.13724587361018      -0.168675208342900     
   7.32770013809204        2.44256671269735      -0.167527273411100     
   7.32770013809204        2.74788755178452      -0.165694650312577     
   7.32770013809204        3.05320839087168      -0.163620490575380     
   7.32770013809204        3.35852922995885      -0.162010290029449     
   7.32770013809204        3.66385006904602      -0.159345630618867     
   7.32770013809204        3.96917090813319      -0.153541242524711     
   7.32770013809204        4.27449174722036      -0.146365312730560     
   7.32770013809204        4.57981258630753      -0.136919147201144     
   7.32770013809204        4.88513342539469      -0.127935028463219     
   7.32770013809204        5.19045426448186      -0.120530877136876     
   7.32770013809204        5.49577510356903      -0.114542209594907     
   7.32770013809204        5.80109594265620      -0.110146599058251     
   7.32770013809204        6.10641678174337      -0.107049925486145     
   7.32770013809204        6.41173762083054      -0.104632343337757     
   7.32770013809204        6.71705845991770      -0.102125054076118     
   7.32770013809204        7.02237929900487      -9.966579260805662E-002
   7.32770013809204        7.32770013809204      -9.641196208897344E-002
