  0.000000000000000E+000  0.000000000000000E+000 -0.435517973408663     
  0.000000000000000E+000  0.305320839087168      -0.389864235270468     
  0.000000000000000E+000  0.610641678174337      -0.335163790477564     
  0.000000000000000E+000  0.915962517261505      -0.296434669121025     
  0.000000000000000E+000   1.22128335634867      -0.270686065712819     
  0.000000000000000E+000   1.52660419543584      -0.251148222354819     
  0.000000000000000E+000   1.83192503452301      -0.233798138235371     
  0.000000000000000E+000   2.13724587361018      -0.216940339430076     
  0.000000000000000E+000   2.44256671269735      -0.200358375715414     
  0.000000000000000E+000   2.74788755178452      -0.184022133417882     
  0.000000000000000E+000   3.05320839087168      -0.170007417499913     
  0.000000000000000E+000   3.35852922995885      -0.162627793672437     
  0.000000000000000E+000   3.66385006904602      -0.157347034363416     
  0.000000000000000E+000   3.96917090813319      -0.145940360591352     
  0.000000000000000E+000   4.27449174722036      -0.134186598042813     
  0.000000000000000E+000   4.57981258630753      -0.121250516248249     
  0.000000000000000E+000   4.88513342539469      -0.109971277415555     
  0.000000000000000E+000   5.19045426448186      -0.101174828546044     
  0.000000000000000E+000   5.49577510356903      -9.429675698464107E-002
  0.000000000000000E+000   5.80109594265620      -8.970948655854162E-002
  0.000000000000000E+000   6.10641678174337      -8.702790020901108E-002
  0.000000000000000E+000   6.41173762083054      -8.535805935380077E-002
  0.000000000000000E+000   6.71705845991770      -8.347103851584199E-002
  0.000000000000000E+000   7.02237929900487      -8.099006464754574E-002
  0.000000000000000E+000   7.32770013809204      -7.775171139100594E-002
  0.305320839087168       0.000000000000000E+000 -0.458783325387291     
  0.305320839087168       0.305320839087168      -0.421352826292234     
  0.305320839087168       0.610641678174337      -0.369572728360619     
  0.305320839087168       0.915962517261505      -0.329851722600836     
  0.305320839087168        1.22128335634867      -0.300030999436505     
  0.305320839087168        1.52660419543584      -0.275677497628519     
  0.305320839087168        1.83192503452301      -0.253843755594422     
  0.305320839087168        2.13724587361018      -0.233230089590250     
  0.305320839087168        2.44256671269735      -0.213842274489996     
  0.305320839087168        2.74788755178452      -0.195147874509941     
  0.305320839087168        3.05320839087168      -0.178687429227445     
  0.305320839087168        3.35852922995885      -0.168161969149401     
  0.305320839087168        3.66385006904602      -0.161857369725015     
  0.305320839087168        3.96917090813319      -0.150921206715692     
  0.305320839087168        4.27449174722036      -0.137690937195969     
  0.305320839087168        4.57981258630753      -0.124391105178005     
  0.305320839087168        4.88513342539469      -0.112903471235736     
  0.305320839087168        5.19045426448186      -0.103765881199763     
  0.305320839087168        5.49577510356903      -9.652158446231383E-002
  0.305320839087168        5.80109594265620      -9.145777249239505E-002
  0.305320839087168        6.10641678174337      -8.818109274302861E-002
  0.305320839087168        6.41173762083054      -8.581884916087926E-002
  0.305320839087168        6.71705845991770      -8.318086201964560E-002
  0.305320839087168        7.02237929900487      -8.027524353064039E-002
  0.305320839087168        7.32770013809204      -7.810284715741364E-002
  0.610641678174337       0.000000000000000E+000 -0.470512349767274     
  0.610641678174337       0.305320839087168      -0.452910000467726     
  0.610641678174337       0.610641678174337      -0.412220041448207     
  0.610641678174337       0.915962517261505      -0.369100028563982     
  0.610641678174337        1.22128335634867      -0.331899069623398     
  0.610641678174337        1.52660419543584      -0.300482871023451     
  0.610641678174337        1.83192503452301      -0.272990073670319     
  0.610641678174337        2.13724587361018      -0.248555727287110     
  0.610641678174337        2.44256671269735      -0.226755514175651     
  0.610641678174337        2.74788755178452      -0.206663334557613     
  0.610641678174337        3.05320839087168      -0.188895405054278     
  0.610641678174337        3.35852922995885      -0.175189756400745     
  0.610641678174337        3.66385006904602      -0.164593601640768     
  0.610641678174337        3.96917090813319      -0.152905967735830     
  0.610641678174337        4.27449174722036      -0.139531015880407     
  0.610641678174337        4.57981258630753      -0.126479867706206     
  0.610641678174337        4.88513342539469      -0.115227415249292     
  0.610641678174337        5.19045426448186      -0.106037147177362     
  0.610641678174337        5.49577510356903      -9.862625542252439E-002
  0.610641678174337        5.80109594265620      -9.306352559397960E-002
  0.610641678174337        6.10641678174337      -8.907281822547361E-002
  0.610641678174337        6.41173762083054      -8.592405728799210E-002
  0.610641678174337        6.71705845991770      -8.282695743605098E-002
  0.610641678174337        7.02237929900487      -7.965012805968265E-002
  0.610641678174337        7.32770013809204      -7.660078889641739E-002
  0.915962517261505       0.000000000000000E+000 -0.499038988876244     
  0.915962517261505       0.305320839087168      -0.484499812675549     
  0.915962517261505       0.610641678174337      -0.447507276540479     
  0.915962517261505       0.915962517261505      -0.402424433490705     
  0.915962517261505        1.22128335634867      -0.359467466541148     
  0.915962517261505        1.52660419543584      -0.321663208320161     
  0.915962517261505        1.83192503452301      -0.288937736241829     
  0.915962517261505        2.13724587361018      -0.261397743730847     
  0.915962517261505        2.44256671269735      -0.237429999838941     
  0.915962517261505        2.74788755178452      -0.216014082773319     
  0.915962517261505        3.05320839087168      -0.197106395817696     
  0.915962517261505        3.35852922995885      -0.180987477138021     
  0.915962517261505        3.66385006904602      -0.167048010462439     
  0.915962517261505        3.96917090813319      -0.153680028592790     
  0.915962517261505        4.27449174722036      -0.140352871174941     
  0.915962517261505        4.57981258630753      -0.127889785673691     
  0.915962517261505        4.88513342539469      -0.117072000608394     
  0.915962517261505        5.19045426448186      -0.108013665488848     
  0.915962517261505        5.49577510356903      -0.100573346398219     
  0.915962517261505        5.80109594265620      -9.459262844140701E-002
  0.915962517261505        6.10641678174337      -8.990625795737463E-002
  0.915962517261505        6.41173762083054      -8.598842549903385E-002
  0.915962517261505        6.71705845991770      -8.233825071592653E-002
  0.915962517261505        7.02237929900487      -7.869580278358135E-002
  0.915962517261505        7.32770013809204      -7.503326352701513E-002
   1.22128335634867       0.000000000000000E+000 -0.515662963610817     
   1.22128335634867       0.305320839087168      -0.502833542585598     
   1.22128335634867       0.610641678174337      -0.468535738511919     
   1.22128335634867       0.915962517261505      -0.423956536994856     
   1.22128335634867        1.22128335634867      -0.378297844100524     
   1.22128335634867        1.52660419543584      -0.336405749825928     
   1.22128335634867        1.83192503452301      -0.300530540445907     
   1.22128335634867        2.13724587361018      -0.270665467530799     
   1.22128335634867        2.44256671269735      -0.244775361410787     
   1.22128335634867        2.74788755178452      -0.221961596254340     
   1.22128335634867        3.05320839087168      -0.201901896091596     
   1.22128335634867        3.35852922995885      -0.184352550679734     
   1.22128335634867        3.66385006904602      -0.168718475026957     
   1.22128335634867        3.96917090813319      -0.154352231090724     
   1.22128335634867        4.27449174722036      -0.141060200713632     
   1.22128335634867        4.57981258630753      -0.129094444229468     
   1.22128335634867        4.88513342539469      -0.118654716334418     
   1.22128335634867        5.19045426448186      -0.109772449844653     
   1.22128335634867        5.49577510356903      -0.102324956119389     
   1.22128335634867        5.80109594265620      -9.606355151040835E-002
   1.22128335634867        6.10641678174337      -9.077778013844423E-002
   1.22128335634867        6.41173762083054      -8.615041086409830E-002
   1.22128335634867        6.71705845991770      -8.187198971099072E-002
   1.22128335634867        7.02237929900487      -7.776876489968972E-002
   1.22128335634867        7.32770013809204      -7.383945798013782E-002
   1.52660419543584       0.000000000000000E+000 -0.517620766508548     
   1.52660419543584       0.305320839087168      -0.506173300116703     
   1.52660419543584       0.610641678174337      -0.475308891997794     
   1.52660419543584       0.915962517261505      -0.432763497556188     
   1.52660419543584        1.22128335634867      -0.386963881611937     
   1.52660419543584        1.52660419543584      -0.344071818651219     
   1.52660419543584        1.83192503452301      -0.307343791088242     
   1.52660419543584        2.13724587361018      -0.275671112946176     
   1.52660419543584        2.44256671269735      -0.248244156970319     
   1.52660419543584        2.74788755178452      -0.224447960158320     
   1.52660419543584        3.05320839087168      -0.203733379525970     
   1.52660419543584        3.35852922995885      -0.185558106233596     
   1.52660419543584        3.66385006904602      -0.169394325858117     
   1.52660419543584        3.96917090813319      -0.154845538486439     
   1.52660419543584        4.27449174722036      -0.141758746218282     
   1.52660419543584        4.57981258630753      -0.130149627354605     
   1.52660419543584        4.88513342539469      -0.120034879133951     
   1.52660419543584        5.19045426448186      -0.111338537721077     
   1.52660419543584        5.49577510356903      -0.103885205223263     
   1.52660419543584        5.80109594265620      -9.743136426654343E-002
   1.52660419543584        6.10641678174337      -9.170462445303572E-002
   1.52660419543584        6.41173762083054      -8.651387215720141E-002
   1.52660419543584        6.71705845991770      -8.172180651922738E-002
   1.52660419543584        7.02237929900487      -7.727287827510997E-002
   1.52660419543584        7.32770013809204      -7.318863520640013E-002
   1.83192503452301       0.000000000000000E+000 -0.508015293189731     
   1.83192503452301       0.305320839087168      -0.497865415625210     
   1.83192503452301       0.610641678174337      -0.469397632332309     
   1.83192503452301       0.915962517261505      -0.429676511791395     
   1.83192503452301        1.22128335634867      -0.387061201952301     
   1.83192503452301        1.52660419543584      -0.346166938861448     
   1.83192503452301        1.83192503452301      -0.308865147962774     
   1.83192503452301        2.13724587361018      -0.275975859154750     
   1.83192503452301        2.44256671269735      -0.247664471531461     
   1.83192503452301        2.74788755178452      -0.223564303113358     
   1.83192503452301        3.05320839087168      -0.202952274052718     
   1.83192503452301        3.35852922995885      -0.185015419320899     
   1.83192503452301        3.66385006904602      -0.169098630786946     
   1.83192503452301        3.96917090813319      -0.154831899093450     
   1.83192503452301        4.27449174722036      -0.142097730125259     
   1.83192503452301        4.57981258630753      -0.130881512561024     
   1.83192503452301        4.88513342539469      -0.121120313984786     
   1.83192503452301        5.19045426448186      -0.112645219031618     
   1.83192503452301        5.49577510356903      -0.105217703146786     
   1.83192503452301        5.80109594265620      -9.859760016708954E-002
   1.83192503452301        6.10641678174337      -9.258893637466478E-002
   1.83192503452301        6.41173762083054      -8.705306294148357E-002
   1.83192503452301        6.71705845991770      -8.192793139226383E-002
   1.83192503452301        7.02237929900487      -7.725262111862456E-002
   1.83192503452301        7.32770013809204      -7.307551861662956E-002
   2.13724587361018       0.000000000000000E+000 -0.492391895119802     
   2.13724587361018       0.305320839087168      -0.482963434772320     
   2.13724587361018       0.610641678174337      -0.457471088733706     
   2.13724587361018       0.915962517261505      -0.421925475051493     
   2.13724587361018        1.22128335634867      -0.382073603729872     
   2.13724587361018        1.52660419543584      -0.342062114392436     
   2.13724587361018        1.83192503452301      -0.304642506637197     
   2.13724587361018        2.13724587361018      -0.271484550151295     
   2.13724587361018        2.44256671269735      -0.243248212876594     
   2.13724587361018        2.74788755178452      -0.219668159575294     
   2.13724587361018        3.05320839087168      -0.199856886097245     
   2.13724587361018        3.35852922995885      -0.182768851255921     
   2.13724587361018        3.66385006904602      -0.167604662860197     
   2.13724587361018        3.96917090813319      -0.153974721982612     
   2.13724587361018        4.27449174722036      -0.141802305871247     
   2.13724587361018        4.57981258630753      -0.131095523738723     
   2.13724587361018        4.88513342539469      -0.121761495013599     
   2.13724587361018        5.19045426448186      -0.113566384132965     
   2.13724587361018        5.49577510356903      -0.106222026165183     
   2.13724587361018        5.80109594265620      -9.949780524846910E-002
   2.13724587361018        6.10641678174337      -9.327401748329864E-002
   2.13724587361018        6.41173762083054      -8.752483070868158E-002
   2.13724587361018        6.71705845991770      -8.227211726558319E-002
   2.13724587361018        7.02237929900487      -7.754768356586787E-002
   2.13724587361018        7.32770013809204      -7.336224111020979E-002
   2.44256671269735       0.000000000000000E+000 -0.487377290682928     
   2.44256671269735       0.305320839087168      -0.476651028825326     
   2.44256671269735       0.610641678174337      -0.448231122413164     
   2.44256671269735       0.915962517261505      -0.411072443258055     
   2.44256671269735        1.22128335634867      -0.371047008156410     
   2.44256671269735        1.52660419543584      -0.331536336896059     
   2.44256671269735        1.83192503452301      -0.294882839223456     
   2.44256671269735        2.13724587361018      -0.262688825431632     
   2.44256671269735        2.44256671269735      -0.235629734554373     
   2.44256671269735        2.74788755178452      -0.213385457525527     
   2.44256671269735        3.05320839087168      -0.194933708229074     
   2.44256671269735        3.35852922995885      -0.179087520078976     
   2.44256671269735        3.66385006904602      -0.164972226961386     
   2.44256671269735        3.96917090813319      -0.152205101532555     
   2.44256671269735        4.27449174722036      -0.140756984842007     
   2.44256671269735        4.57981258630753      -0.130667827180248     
   2.44256671269735        4.88513342539469      -0.121832270517009     
   2.44256671269735        5.19045426448186      -0.113974565598893     
   2.44256671269735        5.49577510356903      -0.106777691984419     
   2.44256671269735        5.80109594265620      -0.100029406027815     
   2.44256671269735        6.10641678174337      -9.367738586161660E-002
   2.44256671269735        6.41173762083054      -8.778451839502183E-002
   2.44256671269735        6.71705845991770      -8.244837800941068E-002
   2.44256671269735        7.02237929900487      -7.774250512829133E-002
   2.44256671269735        7.32770013809204      -7.366062834380868E-002
   2.74788755178452       0.000000000000000E+000 -0.482093468679151     
   2.74788755178452       0.305320839087168      -0.470604310252221     
   2.74788755178452       0.610641678174337      -0.439427100123909     
   2.74788755178452       0.915962517261505      -0.397226384410869     
   2.74788755178452        1.22128335634867      -0.354677092843161     
   2.74788755178452        1.52660419543584      -0.315678538671604     
   2.74788755178452        1.83192503452301      -0.280768899275122     
   2.74788755178452        2.13724587361018      -0.250694388606108     
   2.74788755178452        2.44256671269735      -0.225755239567270     
   2.74788755178452        2.74788755178452      -0.205465041643311     
   2.74788755178452        3.05320839087168      -0.188722909071014     
   2.74788755178452        3.35852922995885      -0.174314883466990     
   2.74788755178452        3.66385006904602      -0.161383723222581     
   2.74788755178452        3.96917090813319      -0.149594635894801     
   2.74788755178452        4.27449174722036      -0.138967748151553     
   2.74788755178452        4.57981258630753      -0.129565052086980     
   2.74788755178452        4.88513342539469      -0.121270225422164     
   2.74788755178452        5.19045426448186      -0.113785133751486     
   2.74788755178452        5.49577510356903      -0.106788212271204     
   2.74788755178452        5.80109594265620      -0.100095137370466     
   2.74788755178452        6.10641678174337      -9.370527745514094E-002
   2.74788755178452        6.41173762083054      -8.773420476968613E-002
   2.74788755178452        6.71705845991770      -8.235529177314620E-002
   2.74788755178452        7.02237929900487      -7.782322258551942E-002
   2.74788755178452        7.32770013809204      -7.408832697007535E-002
   3.05320839087168       0.000000000000000E+000 -0.468055714364720     
   3.05320839087168       0.305320839087168      -0.456400349057665     
   3.05320839087168       0.610641678174337      -0.423581693407683     
   3.05320839087168       0.915962517261505      -0.379406225627982     
   3.05320839087168        1.22128335634867      -0.334694766622565     
   3.05320839087168        1.52660419543584      -0.296445633703947     
   3.05320839087168        1.83192503452301      -0.264042296253640     
   3.05320839087168        2.13724587361018      -0.236855516009421     
   3.05320839087168        2.44256671269735      -0.214594034139563     
   3.05320839087168        2.74788755178452      -0.196567799039246     
   3.05320839087168        3.05320839087168      -0.181665247155643     
   3.05320839087168        3.35852922995885      -0.168744115967594     
   3.05320839087168        3.66385006904602      -0.157035103754509     
   3.05320839087168        3.96917090813319      -0.146272912833670     
   3.05320839087168        4.27449174722036      -0.136514499080594     
   3.05320839087168        4.57981258630753      -0.127825597605584     
   3.05320839087168        4.88513342539469      -0.120078004229234     
   3.05320839087168        5.19045426448186      -0.112972116662184     
   3.05320839087168        5.49577510356903      -0.106207964438029     
   3.05320839087168        5.80109594265620      -9.963764349584195E-002
   3.05320839087168        6.10641678174337      -9.328870083658895E-002
   3.05320839087168        6.41173762083054      -8.726516056826272E-002
   3.05320839087168        6.71705845991770      -8.187831922250800E-002
   3.05320839087168        7.02237929900487      -7.768919981111780E-002
   3.05320839087168        7.32770013809204      -7.459323926078708E-002
   3.35852922995885       0.000000000000000E+000 -0.443736171395206     
   3.35852922995885       0.305320839087168      -0.434405884930177     
   3.35852922995885       0.610641678174337      -0.401599972265179     
   3.35852922995885       0.915962517261505      -0.356273162275891     
   3.35852922995885        1.22128335634867      -0.312057892002891     
   3.35852922995885        1.52660419543584      -0.275462716142693     
   3.35852922995885        1.83192503452301      -0.246170310708352     
   3.35852922995885        2.13724587361018      -0.222241321614009     
   3.35852922995885        2.44256671269735      -0.202840054517333     
   3.35852922995885        2.74788755178452      -0.187126317391542     
   3.35852922995885        3.05320839087168      -0.174044628975855     
   3.35852922995885        3.35852922995885      -0.162585503299363     
   3.35852922995885        3.66385006904602      -0.152098615662432     
   3.35852922995885        3.96917090813319      -0.142382780788997     
   3.35852922995885        4.27449174722036      -0.133507685419625     
   3.35852922995885        4.57981258630753      -0.125525815333352     
   3.35852922995885        4.88513342539469      -0.118302875256762     
   3.35852922995885        5.19045426448186      -0.111562185979161     
   3.35852922995885        5.49577510356903      -0.105050190261053     
   3.35852922995885        5.80109594265620      -9.866301138973942E-002
   3.35852922995885        6.10641678174337      -9.243387701364099E-002
   3.35852922995885        6.41173762083054      -8.640407357575031E-002
   3.35852922995885        6.71705845991770      -8.102135543288051E-002
   3.35852922995885        7.02237929900487      -7.725490663978893E-002
   3.35852922995885        7.32770013809204      -7.484182421487247E-002
   3.66385006904602       0.000000000000000E+000 -0.407599121934998     
   3.66385006904602       0.305320839087168      -0.400710061856865     
   3.66385006904602       0.610641678174337      -0.369803738534294     
   3.66385006904602       0.915962517261505      -0.326851834162657     
   3.66385006904602        1.22128335634867      -0.286180717378034     
   3.66385006904602        1.52660419543584      -0.253298094411243     
   3.66385006904602        1.83192503452301      -0.227826069219747     
   3.66385006904602        2.13724587361018      -0.207357985182698     
   3.66385006904602        2.44256671269735      -0.190828978241344     
   3.66385006904602        2.74788755178452      -0.177375541174780     
   3.66385006904602        3.05320839087168      -0.166056008413061     
   3.66385006904602        3.35852922995885      -0.156020765396376     
   3.66385006904602        3.66385006904602      -0.146742775473586     
   3.66385006904602        3.96917090813319      -0.138069737067923     
   3.66385006904602        4.27449174722036      -0.130062804218933     
   3.66385006904602        4.57981258630753      -0.122753497588646     
   3.66385006904602        4.88513342539469      -0.116015160980961     
   3.66385006904602        5.19045426448186      -0.109618878166409     
   3.66385006904602        5.49577510356903      -0.103377430211618     
   3.66385006904602        5.80109594265620      -9.723823803030415E-002
   3.66385006904602        6.10641678174337      -9.124205452239534E-002
   3.66385006904602        6.41173762083054      -8.541389647066319E-002
   3.66385006904602        6.71705845991770      -8.025301419948278E-002
   3.66385006904602        7.02237929900487      -7.691959424696299E-002
   3.66385006904602        7.32770013809204      -7.476918103947623E-002
   3.96917090813319       0.000000000000000E+000 -0.349492445975639     
   3.96917090813319       0.305320839087168      -0.345026109386729     
   3.96917090813319       0.610641678174337      -0.322692126624559     
   3.96917090813319       0.915962517261505      -0.289304558059154     
   3.96917090813319        1.22128335634867      -0.256599307758553     
   3.96917090813319        1.52660419543584      -0.229942871008648     
   3.96917090813319        1.83192503452301      -0.209118764261208     
   3.96917090813319        2.13724587361018      -0.192343093575984     
   3.96917090813319        2.44256671269735      -0.178727575128321     
   3.96917090813319        2.74788755178452      -0.167518373759480     
   3.96917090813319        3.05320839087168      -0.157928680008696     
   3.96917090813319        3.35852922995885      -0.149279723772962     
   3.96917090813319        3.66385006904602      -0.141169262236734     
   3.96917090813319        3.96917090813319      -0.133490794426518     
   3.96917090813319        4.27449174722036      -0.126293107973442     
   3.96917090813319        4.57981258630753      -0.119593394872375     
   3.96917090813319        4.88513342539469      -0.113290940306545     
   3.96917090813319        5.19045426448186      -0.107222935714506     
   3.96917090813319        5.49577510356903      -0.101277282206727     
   3.96917090813319        5.80109594265620      -9.545394655541699E-002
   3.96917090813319        6.10641678174337      -8.982501034333848E-002
   3.96917090813319        6.41173762083054      -8.446918731988914E-002
   3.96917090813319        6.71705845991770      -7.985609976682836E-002
   3.96917090813319        7.02237929900487      -7.675702770674243E-002
   3.96917090813319        7.32770013809204      -7.446087517675561E-002
   4.27449174722036       0.000000000000000E+000 -0.284017385175762     
   4.27449174722036       0.305320839087168      -0.280686237938784     
   4.27449174722036       0.610641678174337      -0.267741824700459     
   4.27449174722036       0.915962517261505      -0.247056550651959     
   4.27449174722036        1.22128335634867      -0.224957092278560     
   4.27449174722036        1.52660419543584      -0.205940501023324     
   4.27449174722036        1.83192503452301      -0.190291942710064     
   4.27449174722036        2.13724587361018      -0.177427469612594     
   4.27449174722036        2.44256671269735      -0.166816272902859     
   4.27449174722036        2.74788755178452      -0.157872904756626     
   4.27449174722036        3.05320839087168      -0.149982993235173     
   4.27449174722036        3.35852922995885      -0.142648231260244     
   4.27449174722036        3.66385006904602      -0.135602791936833     
   4.27449174722036        3.96917090813319      -0.128801320036173     
   4.27449174722036        4.27449174722036      -0.122298539275778     
   4.27449174722036        4.57981258630753      -0.116117525077426     
   4.27449174722036        4.88513342539469      -0.110200093829152     
   4.27449174722036        5.19045426448186      -0.104454747285194     
   4.27449174722036        5.49577510356903      -9.883628110556332E-002
   4.27449174722036        5.80109594265620      -9.338239798476905E-002
   4.27449174722036        6.10641678174337      -8.818889322785446E-002
   4.27449174722036        6.41173762083054      -8.337978379387689E-002
   4.27449174722036        6.71705845991770      -7.927782588736138E-002
   4.27449174722036        7.02237929900487      -7.622165659353587E-002
   4.27449174722036        7.32770013809204      -7.369084110743360E-002
   4.57981258630753       0.000000000000000E+000 -0.226433106820548     
   4.57981258630753       0.305320839087168      -0.224658514244560     
   4.57981258630753       0.610641678174337      -0.218391267910261     
   4.57981258630753       0.915962517261505      -0.207686794743876     
   4.57981258630753        1.22128335634867      -0.194915293914368     
   4.57981258630753        1.52660419543584      -0.182758659961406     
   4.57981258630753        1.83192503452301      -0.172178425338238     
   4.57981258630753        2.13724587361018      -0.163223793006739     
   4.57981258630753        2.44256671269735      -0.155597339559320     
   4.57981258630753        2.74788755178452      -0.148852997884016     
   4.57981258630753        3.05320839087168      -0.142545696758280     
   4.57981258630753        3.35852922995885      -0.136367161379845     
   4.57981258630753        3.66385006904602      -0.130205637169847     
   4.57981258630753        3.96917090813319      -0.124101238307678     
   4.57981258630753        4.27449174722036      -0.118142315857944     
   4.57981258630753        4.57981258630753      -0.112379383167645     
   4.57981258630753        4.88513342539469      -0.106803966214205     
   4.57981258630753        5.19045426448186      -0.101386382536513     
   4.57981258630753        5.49577510356903      -9.612642131081459E-002
   4.57981258630753        5.80109594265620      -9.107196516270973E-002
   4.57981258630753        6.10641678174337      -8.630415816871870E-002
   4.57981258630753        6.41173762083054      -8.192640306642685E-002
   4.57981258630753        6.71705845991770      -7.809129339685521E-002
   4.57981258630753        7.02237929900487      -7.488819480553260E-002
   4.57981258630753        7.32770013809204      -7.199460895349380E-002
   4.88513342539469       0.000000000000000E+000 -0.184584674268482     
   4.88513342539469       0.305320839087168      -0.183958626482883     
   4.88513342539469       0.610641678174337      -0.181336013007234     
   4.88513342539469       0.915962517261505      -0.175938695138108     
   4.88513342539469        1.22128335634867      -0.169081785785333     
   4.88513342539469        1.52660419543584      -0.162211270497978     
   4.88513342539469        1.83192503452301      -0.156016246445730     
   4.88513342539469        2.13724587361018      -0.150569021982884     
   4.88513342539469        2.44256671269735      -0.145608880065897     
   4.88513342539469        2.74788755178452      -0.140774333947527     
   4.88513342539469        3.05320839087168      -0.135777582574968     
   4.88513342539469        3.35852922995885      -0.130500633769377     
   4.88513342539469        3.66385006904602      -0.124992654931873     
   4.88513342539469        3.96917090813319      -0.119392513656895     
   4.88513342539469        4.27449174722036      -0.113837946307901     
   4.88513342539469        4.57981258630753      -0.108414857792858     
   4.88513342539469        4.88513342539469      -0.103158063253990     
   4.88513342539469        5.19045426448186      -9.808117086669622E-002
   4.88513342539469        5.49577510356903      -9.320478632678034E-002
   4.88513342539469        5.80109594265620      -8.856267888346617E-002
   4.88513342539469        6.10641678174337      -8.419398802392945E-002
   4.88513342539469        6.41173762083054      -8.014155739250470E-002
   4.88513342539469        6.71705845991770      -7.645458227410486E-002
   4.88513342539469        7.02237929900487      -7.314528564906282E-002
   4.88513342539469        7.32770013809204      -7.007369122986455E-002
   5.19045426448186       0.000000000000000E+000 -0.156383485168260     
   5.19045426448186       0.305320839087168      -0.155949456686486     
   5.19045426448186       0.610641678174337      -0.154467796701467     
   5.19045426448186       0.915962517261505      -0.151935410813696     
   5.19045426448186        1.22128335634867      -0.148827471449233     
   5.19045426448186        1.52660419543584      -0.145703929185050     
   5.19045426448186        1.83192503452301      -0.142814196175419     
   5.19045426448186        2.13724587361018      -0.140045894389732     
   5.19045426448186        2.44256671269735      -0.137087943949167     
   5.19045426448186        2.74788755178452      -0.133638934383176     
   5.19045426448186        3.05320839087168      -0.129555256462445     
   5.19045426448186        3.35852922995885      -0.124889971541559     
   5.19045426448186        3.66385006904602      -0.119831431822981     
   5.19045426448186        3.96917090813319      -0.114600187466411     
   5.19045426448186        4.27449174722036      -0.109372056857351     
   5.19045426448186        4.57981258630753      -0.104257403661640     
   5.19045426448186        4.88513342539469      -9.931944243720031E-002
   5.19045426448186        5.19045426448186      -9.459798557738670E-002
   5.19045426448186        5.49577510356903      -9.011932242330742E-002
   5.19045426448186        5.80109594265620      -8.589326582482078E-002
   5.19045426448186        6.10641678174337      -8.191309547920377E-002
   5.19045426448186        6.41173762083054      -7.816829838840271E-002
   5.19045426448186        6.71705845991770      -7.465866385293900E-002
   5.19045426448186        7.02237929900487      -7.138629061935857E-002
   5.19045426448186        7.32770013809204      -6.832831327494619E-002
   5.49577510356903       0.000000000000000E+000 -0.136272700607327     
   5.49577510356903       0.305320839087168      -0.136086487938686     
   5.49577510356903       0.610641678174337      -0.135692512204613     
   5.49577510356903       0.915962517261505      -0.135132652501958     
   5.49577510356903        1.22128335634867      -0.134403229587339     
   5.49577510356903        1.52660419543584      -0.133610379267234     
   5.49577510356903        1.83192503452301      -0.132751549139487     
   5.49577510356903        2.13724587361018      -0.131584517246037     
   5.49577510356903        2.44256671269735      -0.129776294456689     
   5.49577510356903        2.74788755178452      -0.127095945525927     
   5.49577510356903        3.05320839087168      -0.123526523327502     
   5.49577510356903        3.35852922995885      -0.119250326911665     
   5.49577510356903        3.66385006904602      -0.114541889124174     
   5.49577510356903        3.96917090813319      -0.109652274206081     
   5.49577510356903        4.27449174722036      -0.104756103837215     
   5.49577510356903        4.57981258630753      -9.996498478344562E-002
   5.49577510356903        4.88513342539469      -9.535907581469302E-002
   5.49577510356903        5.19045426448186      -9.099912011133471E-002
   5.49577510356903        5.49577510356903      -8.691682533943472E-002
   5.49577510356903        5.80109594265620      -8.310355111328765E-002
   5.49577510356903        6.10641678174337      -7.951674349163396E-002
   5.49577510356903        6.41173762083054      -7.610482779636700E-002
   5.49577510356903        6.71705845991770      -7.284044810059036E-002
   5.49577510356903        7.02237929900487      -6.974084974264168E-002
   5.49577510356903        7.32770013809204      -6.682828713382483E-002
   5.80109594265620       0.000000000000000E+000 -0.125247576639976     
   5.80109594265620       0.305320839087168      -0.125070870989170     
   5.80109594265620       0.610641678174337      -0.124702685657811     
   5.80109594265620       0.915962517261505      -0.124543169507039     
   5.80109594265620        1.22128335634867      -0.124754087785276     
   5.80109594265620        1.52660419543584      -0.125080895930465     
   5.80109594265620        1.83192503452301      -0.125067305590390     
   5.80109594265620        2.13724587361018      -0.124489518700321     
   5.80109594265620        2.44256671269735      -0.123065764449796     
   5.80109594265620        2.74788755178452      -0.120651900868903     
   5.80109594265620        3.05320839087168      -0.117329389983136     
   5.80109594265620        3.35852922995885      -0.113357723520761     
   5.80109594265620        3.66385006904602      -0.109034939935995     
   5.80109594265620        3.96917090813319      -0.104570339595217     
   5.80109594265620        4.27449174722036      -0.100076535928660     
   5.80109594265620        4.57981258630753      -9.564273340216506E-002
   5.80109594265620        4.88513342539469      -9.137100222670991E-002
   5.80109594265620        5.19045426448186      -8.735591833337111E-002
   5.80109594265620        5.49577510356903      -8.364804529446437E-002
   5.80109594265620        5.80109594265620      -8.023580753742338E-002
   5.80109594265620        6.10641678174337      -7.705810911253853E-002
   5.80109594265620        6.41173762083054      -7.404745432086576E-002
   5.80109594265620        6.71705845991770      -7.114633737274496E-002
   5.80109594265620        7.02237929900487      -6.833544099729441E-002
   5.80109594265620        7.32770013809204      -6.562712996635370E-002
   6.10641678174337       0.000000000000000E+000 -0.120891436407551     
   6.10641678174337       0.305320839087168      -0.120448586669944     
   6.10641678174337       0.610641678174337      -0.119447074862344     
   6.10641678174337       0.915962517261505      -0.118597478174893     
   6.10641678174337        1.22128335634867      -0.118352325996760     
   6.10641678174337        1.52660419543584      -0.118551627779088     
   6.10641678174337        1.83192503452301      -0.118549984267339     
   6.10641678174337        2.13724587361018      -0.117893824336785     
   6.10641678174337        2.44256671269735      -0.116396413331857     
   6.10641678174337        2.74788755178452      -0.113989623513793     
   6.10641678174337        3.05320839087168      -0.110809807886188     
   6.10641678174337        3.35852922995885      -0.107163967679799     
   6.10641678174337        3.66385006904602      -0.103368919081187     
   6.10641678174337        3.96917090813319      -9.951081510112839E-002
   6.10641678174337        4.27449174722036      -9.551762229372085E-002
   6.10641678174337        4.57981258630753      -9.144722045818705E-002
   6.10641678174337        4.88513342539469      -8.746910614930072E-002
   6.10641678174337        5.19045426448186      -8.374549508754596E-002
   6.10641678174337        5.49577510356903      -8.036315798681699E-002
   6.10641678174337        5.80109594265620      -7.732377003843154E-002
   6.10641678174337        6.10641678174337      -7.460291387463223E-002
   6.10641678174337        6.41173762083054      -7.207619659618246E-002
   6.10641678174337        6.71705845991770      -6.961153601225367E-002
   6.10641678174337        7.02237929900487      -6.714800458118957E-002
   6.10641678174337        7.32770013809204      -6.467584030687665E-002
   6.41173762083054       0.000000000000000E+000 -0.118894369022338     
   6.41173762083054       0.305320839087168      -0.118191582256508     
   6.41173762083054       0.610641678174337      -0.116406675183466     
   6.41173762083054       0.915962517261505      -0.114501341813925     
   6.41173762083054        1.22128335634867      -0.113271931817753     
   6.41173762083054        1.52660419543584      -0.112722494066588     
   6.41173762083054        1.83192503452301      -0.112263523409691     
   6.41173762083054        2.13724587361018      -0.111289077755976     
   6.41173762083054        2.44256671269735      -0.109603892858439     
   6.41173762083054        2.74788755178452      -0.107154892325851     
   6.41173762083054        3.05320839087168      -0.103999681613418     
   6.41173762083054        3.35852922995885      -0.100650194976870     
   6.41173762083054        3.66385006904602      -9.763620640866130E-002
   6.41173762083054        3.96917090813319      -9.470868448403053E-002
   6.41173762083054        4.27449174722036      -9.134942290565153E-002
   6.41173762083054        4.57981258630753      -8.756799578350143E-002
   6.41173762083054        4.88513342539469      -8.376682255238459E-002
   6.41173762083054        5.19045426448186      -8.023681606920423E-002
   6.41173762083054        5.49577510356903      -7.709856750999952E-002
   6.41173762083054        5.80109594265620      -7.441542763867098E-002
   6.41173762083054        6.10641678174337      -7.218640054225867E-002
   6.41173762083054        6.41173762083054      -7.017208801776582E-002
   6.41173762083054        6.71705845991770      -6.813483235560792E-002
   6.41173762083054        7.02237929900487      -6.601323913532858E-002
   6.41173762083054        7.32770013809204      -6.383191497882283E-002
   6.71705845991770       0.000000000000000E+000 -0.114771430165499     
   6.71705845991770       0.305320839087168      -0.114088331076286     
   6.71705845991770       0.610641678174337      -0.112344217650609     
   6.71705845991770       0.915962517261505      -0.110070360208895     
   6.71705845991770        1.22128335634867      -0.108149262314064     
   6.71705845991770        1.52660419543584      -0.106912303725894     
   6.71705845991770        1.83192503452301      -0.105956112657213     
   6.71705845991770        2.13724587361018      -0.104727541888970     
   6.71705845991770        2.44256671269735      -0.102957103362498     
   6.71705845991770        2.74788755178452      -0.100429636852136     
   6.71705845991770        3.05320839087168      -9.720113597223938E-002
   6.71705845991770        3.35852922995885      -9.432915318227499E-002
   6.71705845991770        3.66385006904602      -9.254824758563611E-002
   6.71705845991770        3.96917090813319      -9.080198107509045E-002
   6.71705845991770        4.27449174722036      -8.795170095761716E-002
   6.71705845991770        4.57981258630753      -8.419111607858427E-002
   6.71705845991770        4.88513342539469      -8.033739232129967E-002
   6.71705845991770        5.19045426448186      -7.687152797300907E-002
   6.71705845991770        5.49577510356903      -7.388444991765011E-002
   6.71705845991770        5.80109594265620      -7.155659685424103E-002
   6.71705845991770        6.10641678174337      -6.982405794728402E-002
   6.71705845991770        6.41173762083054      -6.831894467549086E-002
   6.71705845991770        6.71705845991770      -6.658123589329763E-002
   6.71705845991770        7.02237929900487      -6.464366038513029E-002
   6.71705845991770        7.32770013809204      -6.290607220950321E-002
   7.02237929900487       0.000000000000000E+000 -0.111413274356130     
   7.02237929900487       0.305320839087168      -0.109240637205235     
   7.02237929900487       0.610641678174337      -0.106982073194325     
   7.02237929900487       0.915962517261505      -0.104804251484719     
   7.02237929900487        1.22128335634867      -0.102678273629607     
   7.02237929900487        1.52660419543584      -0.101111196745703     
   7.02237929900487        1.83192503452301      -9.988679631967731E-002
   7.02237929900487        2.13724587361018      -9.857839608544840E-002
   7.02237929900487        2.44256671269735      -9.688109033354934E-002
   7.02237929900487        2.74788755178452      -9.441120839129040E-002
   7.02237929900487        3.05320839087168      -9.153593060437948E-002
   7.02237929900487        3.35852922995885      -8.978358553667833E-002
   7.02237929900487        3.66385006904602      -8.957793812084966E-002
   7.02237929900487        3.96917090813319      -8.827874356640379E-002
   7.02237929900487        4.27449174722036      -8.538454512798407E-002
   7.02237929900487        4.57981258630753      -8.127895769284912E-002
   7.02237929900487        4.88513342539469      -7.715024275625082E-002
   7.02237929900487        5.19045426448186      -7.364917636086407E-002
   7.02237929900487        5.49577510356903      -7.077560641145078E-002
   7.02237929900487        5.80109594265620      -6.876916466351524E-002
   7.02237929900487        6.10641678174337      -6.750464381541475E-002
   7.02237929900487        6.41173762083054      -6.655511816042979E-002
   7.02237929900487        6.71705845991770      -6.520231431755386E-002
   7.02237929900487        7.02237929900487      -6.333170280905921E-002
   7.02237929900487        7.32770013809204      -6.206008372106848E-002
   7.32770013809204       0.000000000000000E+000 -0.108390371948838     
   7.32770013809204       0.305320839087168      -0.107598534130975     
   7.32770013809204       0.610641678174337      -0.103264002225651     
   7.32770013809204       0.915962517261505      -9.973846798887855E-002
   7.32770013809204        1.22128335634867      -9.723733462663892E-002
   7.32770013809204        1.52660419543584      -9.556638927529498E-002
   7.32770013809204        1.83192503452301      -9.431498482590088E-002
   7.32770013809204        2.13724587361018      -9.309534589395031E-002
   7.32770013809204        2.44256671269735      -9.160588850074963E-002
   7.32770013809204        2.74788755178452      -8.964661787124939E-002
   7.32770013809204        3.05320839087168      -8.784799567665952E-002
   7.32770013809204        3.35852922995885      -8.756056904241977E-002
   7.32770013809204        3.66385006904602      -8.712705825108180E-002
   7.32770013809204        3.96917090813319      -8.547482914073602E-002
   7.32770013809204        4.27449174722036      -8.271096025377972E-002
   7.32770013809204        4.57981258630753      -7.831534230006178E-002
   7.32770013809204        4.88513342539469      -7.401297140614035E-002
   7.32770013809204        5.19045426448186      -7.053083226058071E-002
   7.32770013809204        5.49577510356903      -6.780037505879817E-002
   7.32770013809204        5.80109594265620      -6.603041811230763E-002
   7.32770013809204        6.10641678174337      -6.510433577672919E-002
   7.32770013809204        6.41173762083054      -6.465548551158488E-002
   7.32770013809204        6.71705845991770      -6.407128222637996E-002
   7.32770013809204        7.02237929900487      -6.285091701526919E-002
   7.32770013809204        7.32770013809204      -6.065342931150509E-002
