  0.000000000000000E+000  0.000000000000000E+000  -1.89088248261891     
  0.000000000000000E+000  0.305320839087168       -1.70321865128099     
  0.000000000000000E+000  0.610641678174337       -1.33980162355316     
  0.000000000000000E+000  0.915962517261505      -0.970808587157889     
  0.000000000000000E+000   1.22128335634867      -0.713560012513603     
  0.000000000000000E+000   1.52660419543584      -0.546590191791457     
  0.000000000000000E+000   1.83192503452301      -0.435539275006363     
  0.000000000000000E+000   2.13724587361018      -0.358465805426142     
  0.000000000000000E+000   2.44256671269735      -0.301977408335908     
  0.000000000000000E+000   2.74788755178452      -0.258861509516823     
  0.000000000000000E+000   3.05320839087168      -0.227056939467350     
  0.000000000000000E+000   3.35852922995885      -0.208447082122274     
  0.000000000000000E+000   3.66385006904602      -0.196139095432479     
  0.000000000000000E+000   3.96917090813319      -0.176722373092727     
  0.000000000000000E+000   4.27449174722036      -0.159710105345324     
  0.000000000000000E+000   4.57981258630753      -0.143396222126703     
  0.000000000000000E+000   4.88513342539469      -0.129373303108284     
  0.000000000000000E+000   5.19045426448186      -0.117963018407874     
  0.000000000000000E+000   5.49577510356903      -0.108376977676099     
  0.000000000000000E+000   5.80109594265620      -0.100764694342744     
  0.000000000000000E+000   6.10641678174337      -9.453037539500553E-002
  0.000000000000000E+000   6.41173762083054      -8.849118500638309E-002
  0.000000000000000E+000   6.71705845991770      -8.130159470943679E-002
  0.000000000000000E+000   7.02237929900487      -7.395832558879009E-002
  0.000000000000000E+000   7.32770013809204      -6.845942677222679E-002
  0.305320839087168       0.000000000000000E+000  -1.70319952235268     
  0.305320839087168       0.305320839087168       -1.58841001936579     
  0.305320839087168       0.610641678174337       -1.25604946104180     
  0.305320839087168       0.915962517261505      -0.925088113537365     
  0.305320839087168        1.22128335634867      -0.689713995177980     
  0.305320839087168        1.52660419543584      -0.533459093828754     
  0.305320839087168        1.83192503452301      -0.427930090227162     
  0.305320839087168        2.13724587361018      -0.354022547001123     
  0.305320839087168        2.44256671269735      -0.299724828907885     
  0.305320839087168        2.74788755178452      -0.258473364754163     
  0.305320839087168        3.05320839087168      -0.228403388590230     
  0.305320839087168        3.35852922995885      -0.210162160245520     
  0.305320839087168        3.66385006904602      -0.197302426963771     
  0.305320839087168        3.96917090813319      -0.178817153396867     
  0.305320839087168        4.27449174722036      -0.159998848311092     
  0.305320839087168        4.57981258630753      -0.143167717674249     
  0.305320839087168        4.88513342539469      -0.129161706602278     
  0.305320839087168        5.19045426448186      -0.117845153232967     
  0.305320839087168        5.49577510356903      -0.108374660430666     
  0.305320839087168        5.80109594265620      -0.100832762180004     
  0.305320839087168        6.10641678174337      -9.464821719811270E-002
  0.305320839087168        6.41173762083054      -8.872847931830583E-002
  0.305320839087168        6.71705845991770      -8.176028862877814E-002
  0.305320839087168        7.02237929900487      -7.439182923849252E-002
  0.305320839087168        7.32770013809204      -7.038272155686834E-002
  0.610641678174337       0.000000000000000E+000  -1.33978029236665     
  0.610641678174337       0.305320839087168       -1.25603661613370     
  0.610641678174337       0.610641678174337       -1.03979353317626     
  0.610641678174337       0.915962517261505      -0.808306458156284     
  0.610641678174337        1.22128335634867      -0.627190416676157     
  0.610641678174337        1.52660419543584      -0.498223486282439     
  0.610641678174337        1.83192503452301      -0.407126763927660     
  0.610641678174337        2.13724587361018      -0.341510728483778     
  0.610641678174337        2.44256671269735      -0.292748103051662     
  0.610641678174337        2.74788755178452      -0.255831194341598     
  0.610641678174337        3.05320839087168      -0.228773119694194     
  0.610641678174337        3.35852922995885      -0.210222405141668     
  0.610641678174337        3.66385006904602      -0.195097979575169     
  0.610641678174337        3.96917090813319      -0.177396972297148     
  0.610641678174337        4.27449174722036      -0.158649637382774     
  0.610641678174337        4.57981258630753      -0.142005292131215     
  0.610641678174337        4.88513342539469      -0.128418971285817     
  0.610641678174337        5.19045426448186      -0.117458924841045     
  0.610641678174337        5.49577510356903      -0.108373997536503     
  0.610641678174337        5.80109594265620      -0.101007952522511     
  0.610641678174337        6.10641678174337      -9.495787484255297E-002
  0.610641678174337        6.41173762083054      -8.934018100255915E-002
  0.610641678174337        6.71705845991770      -8.322174419814221E-002
  0.610641678174337        7.02237929900487      -7.682776753726844E-002
  0.610641678174337        7.32770013809204      -7.243618876446464E-002
  0.915962517261505       0.000000000000000E+000 -0.970788867587656     
  0.915962517261505       0.305320839087168      -0.925071916059962     
  0.915962517261505       0.610641678174337      -0.808298531990898     
  0.915962517261505       0.915962517261505      -0.669563086412955     
  0.915962517261505        1.22128335634867      -0.546680868666423     
  0.915962517261505        1.52660419543584      -0.450280339940905     
  0.915962517261505        1.83192503452301      -0.377721444101249     
  0.915962517261505        2.13724587361018      -0.322941229088420     
  0.915962517261505        2.44256671269735      -0.281177262699006     
  0.915962517261505        2.74788755178452      -0.249137302430617     
  0.915962517261505        3.05320839087168      -0.224633625274982     
  0.915962517261505        3.35852922995885      -0.205634632923701     
  0.915962517261505        3.66385006904602      -0.188955736935355     
  0.915962517261505        3.96917090813319      -0.171909558325666     
  0.915962517261505        4.27449174722036      -0.154898909677508     
  0.915962517261505        4.57981258630753      -0.139690769531744     
  0.915962517261505        4.88513342539469      -0.127091543437107     
  0.915962517261505        5.19045426448186      -0.116803574074901     
  0.915962517261505        5.49577510356903      -0.108308302987516     
  0.915962517261505        5.80109594265620      -0.101235725427578     
  0.915962517261505        6.10641678174337      -9.534414077460270E-002
  0.915962517261505        6.41173762083054      -9.002146085857711E-002
  0.915962517261505        6.71705845991770      -8.473370536815264E-002
  0.915962517261505        7.02237929900487      -7.953229872511805E-002
  0.915962517261505        7.32770013809204      -7.521721018426451E-002
   1.22128335634867       0.000000000000000E+000 -0.713540246647298     
   1.22128335634867       0.305320839087168      -0.689696026215085     
   1.22128335634867       0.610641678174337      -0.627177760872884     
   1.22128335634867       0.915962517261505      -0.546674750739014     
   1.22128335634867        1.22128335634867      -0.467554089457992     
   1.22128335634867        1.52660419543584      -0.399664973320263     
   1.22128335634867        1.83192503452301      -0.344772951169457     
   1.22128335634867        2.13724587361018      -0.300996671898801     
   1.22128335634867        2.44256671269735      -0.266397321405274     
   1.22128335634867        2.74788755178452      -0.238911606244936     
   1.22128335634867        3.05320839087168      -0.216708532152847     
   1.22128335634867        3.35852922995885      -0.198121517000216     
   1.22128335634867        3.66385006904602      -0.181374848070866     
   1.22128335634867        3.96917090813319      -0.165341824286387     
   1.22128335634867        4.27449174722036      -0.150214864723891     
   1.22128335634867        4.57981258630753      -0.136792498039699     
   1.22128335634867        4.88513342539469      -0.125413632274372     
   1.22128335634867        5.19045426448186      -0.115960849259060     
   1.22128335634867        5.49577510356903      -0.108096190635469     
   1.22128335634867        5.80109594265620      -0.101426297237498     
   1.22128335634867        6.10641678174337      -9.569227519499776E-002
   1.22128335634867        6.41173762083054      -9.053431085553379E-002
   1.22128335634867        6.71705845991770      -8.564200653839653E-002
   1.22128335634867        7.02237929900487      -8.098401751267280E-002
   1.22128335634867        7.32770013809204      -7.679722230360457E-002
   1.52660419543584       0.000000000000000E+000 -0.546569365892391     
   1.52660419543584       0.305320839087168      -0.533439512385450     
   1.52660419543584       0.610641678174337      -0.498207718692460     
   1.52660419543584       0.915962517261505      -0.450269882692869     
   1.52660419543584        1.22128335634867      -0.399660080708812     
   1.52660419543584        1.52660419543584      -0.352881912088164     
   1.52660419543584        1.83192503452301      -0.312210205441624     
   1.52660419543584        2.13724587361018      -0.278184000998848     
   1.52660419543584        2.44256671269735      -0.250132627244389     
   1.52660419543584        2.74788755178452      -0.226853065838928     
   1.52660419543584        3.05320839087168      -0.207070037090248     
   1.52660419543584        3.35852922995885      -0.189671735377938     
   1.52660419543584        3.66385006904602      -0.173823431977920     
   1.52660419543584        3.96917090813319      -0.159132268994343     
   1.52660419543584        4.27449174722036      -0.145697115730042     
   1.52660419543584        4.57981258630753      -0.133810704422716     
   1.52660419543584        4.88513342539469      -0.123616457361840     
   1.52660419543584        5.19045426448186      -0.115015040805594     
   1.52660419543584        5.49577510356903      -0.107740843153130     
   1.52660419543584        5.80109594265620      -0.101470320970933     
   1.52660419543584        6.10641678174337      -9.590660355751056E-002
   1.52660419543584        6.41173762083054      -9.082614003860044E-002
   1.52660419543584        6.71705845991770      -8.606186973457648E-002
   1.52660419543584        7.02237929900487      -8.158476055356773E-002
   1.52660419543584        7.32770013809204      -7.748207222500213E-002
   1.83192503452301       0.000000000000000E+000 -0.435517973408664     
   1.83192503452301       0.305320839087168      -0.427909796548797     
   1.83192503452301       0.610641678174337      -0.407109474924175     
   1.83192503452301       0.915962517261505      -0.377708457187270     
   1.83192503452301        1.22128335634867      -0.344764712123854     
   1.83192503452301        1.52660419543584      -0.312206471547694     
   1.83192503452301        1.83192503452301      -0.282398258820296     
   1.83192503452301        2.13724587361018      -0.256265894350719     
   1.83192503452301        2.44256671269735      -0.233724567506239     
   1.83192503452301        2.74788755178452      -0.214155610938820     
   1.83192503452301        3.05320839087168      -0.196813673680262     
   1.83192503452301        3.35852922995885      -0.181092588286638     
   1.83192503452301        3.66385006904602      -0.166643845872352     
   1.83192503452301        3.96917090813319      -0.153387145260984     
   1.83192503452301        4.27449174722036      -0.141425085457605     
   1.83192503452301        4.57981258630753      -0.130883619051556     
   1.83192503452301        4.88513342539469      -0.121775898180249     
   1.83192503452301        5.19045426448186      -0.113966917181391     
   1.83192503452301        5.49577510356903      -0.107220251462157     
   1.83192503452301        5.80109594265620      -0.101269505589694     
   1.83192503452301        6.10641678174337      -9.587833020115442E-002
   1.83192503452301        6.41173762083054      -9.087618219993654E-002
   1.83192503452301        6.71705845991770      -8.617513872902757E-002
   1.83192503452301        7.02237929900487      -8.178126944262673E-002
   1.83192503452301        7.32770013809204      -7.775094550029002E-002
   2.13724587361018       0.000000000000000E+000 -0.358445564109764     
   2.13724587361018       0.305320839087168      -0.354003067548753     
   2.13724587361018       0.610641678174337      -0.341493522874021     
   2.13724587361018       0.915962517261505      -0.322927370875627     
   2.13724587361018        1.22128335634867      -0.300986719331132     
   2.13724587361018        1.52660419543584      -0.278177976375080     
   2.13724587361018        1.83192503452301      -0.256263312473062     
   2.13724587361018        2.13724587361018      -0.236128830625481     
   2.13724587361018        2.44256671269735      -0.217952726949633     
   2.13724587361018        2.74788755178452      -0.201504490474047     
   2.13724587361018        3.05320839087168      -0.186442234476458     
   2.13724587361018        3.35852922995885      -0.172516304063014     
   2.13724587361018        3.66385006904602      -0.159643265114813     
   2.13724587361018        3.96917090813319      -0.147873854365917     
   2.13724587361018        4.27449174722036      -0.137303218603622     
   2.13724587361018        4.57981258630753      -0.127976734322358     
   2.13724587361018        4.88513342539469      -0.119836835903470     
   2.13724587361018        5.19045426448186      -0.112727942681197     
   2.13724587361018        5.49577510356903      -0.106439678858686     
   2.13724587361018        5.80109594265620      -0.100759761996584     
   2.13724587361018        6.10641678174337      -9.551786207864089E-002
   2.13724587361018        6.41173762083054      -9.061296091290617E-002
   2.13724587361018        6.71705845991770      -8.601741075744304E-002
   2.13724587361018        7.02237929900487      -8.175187268813379E-002
   2.13724587361018        7.32770013809204      -7.783877111614874E-002
   2.44256671269735       0.000000000000000E+000 -0.301959886614415     
   2.44256671269735       0.305320839087168      -0.299707870295749     
   2.44256671269735       0.610641678174337      -0.292732843415039     
   2.44256671269735       0.915962517261505      -0.281164431784981     
   2.44256671269735        1.22128335634867      -0.266387431889460     
   2.44256671269735        1.52660419543584      -0.250125861366136     
   2.44256671269735        1.83192503452301      -0.233720686211535     
   2.44256671269735        2.13724587361018      -0.217951152266728     
   2.44256671269735        2.44256671269735      -0.203122195333266     
   2.44256671269735        2.74788755178452      -0.189251049142641     
   2.44256671269735        3.05320839087168      -0.176259974872699     
   2.44256671269735        3.35852922995885      -0.164108718345355     
   2.44256671269735        3.66385006904602      -0.152835562694335     
   2.44256671269735        3.96917090813319      -0.142524587425969     
   2.44256671269735        4.27449174722036      -0.133243523150673     
   2.44256671269735        4.57981258630753      -0.124992148490476     
   2.44256671269735        4.88513342539469      -0.117685974586323     
   2.44256671269735        5.19045426448186      -0.111174977183659     
   2.44256671269735        5.49577510356903      -0.105282334232399     
   2.44256671269735        5.80109594265620      -9.984640538606007E-002
   2.44256671269735        6.10641678174337      -9.475654992168422E-002
   2.44256671269735        6.41173762083054      -8.997570855270447E-002
   2.44256671269735        6.71705845991770      -8.553682028226886E-002
   2.44256671269735        7.02237929900487      -8.148819114540561E-002
   2.44256671269735        7.32770013809204      -7.779153308519098E-002
   2.74788755178452       0.000000000000000E+000 -0.258849172137472     
   2.74788755178452       0.305320839087168      -0.258461364047781     
   2.74788755178452       0.610641678174337      -0.255820290501122     
   2.74788755178452       0.915962517261505      -0.249127514443034     
   2.74788755178452        1.22128335634867      -0.238903357559632     
   2.74788755178452        1.52660419543584      -0.226846875689956     
   2.74788755178452        1.83192503452301      -0.214151544270242     
   2.74788755178452        2.13724587361018      -0.201502256400967     
   2.74788755178452        2.44256671269735      -0.189250181955812     
   2.74788755178452        2.74788755178452      -0.177543517035770     
   2.74788755178452        3.05320839087168      -0.166439810874972     
   2.74788755178452        3.35852922995885      -0.155986050056604     
   2.74788755178452        3.66385006904602      -0.146247452017608     
   2.74788755178452        3.96917090813319      -0.137292026561740     
   2.74788755178452        4.27449174722036      -0.129157882580276     
   2.74788755178452        4.57981258630753      -0.121827211097421     
   2.74788755178452        4.88513342539469      -0.115221247710115     
   2.74788755178452        5.19045426448186      -0.109215975192918     
   2.74788755178452        5.49577510356903      -0.103672020408752     
   2.74788755178452        5.80109594265620      -9.847040329609306E-002
   2.74788755178452        6.10641678174337      -9.354625067892140E-002
   2.74788755178452        6.41173762083054      -8.891580597825861E-002
   2.74788755178452        6.71705845991770      -8.467161515635248E-002
   2.74788755178452        7.02237929900487      -8.094342111864747E-002
   2.74788755178452        7.32770013809204      -7.764274198445247E-002
   3.05320839087168       0.000000000000000E+000 -0.227049633373999     
   3.05320839087168       0.305320839087168      -0.228396907862309     
   3.05320839087168       0.610641678174337      -0.228767728309526     
   3.05320839087168       0.915962517261505      -0.224628146923912     
   3.05320839087168        1.22128335634867      -0.216702843788405     
   3.05320839087168        1.52660419543584      -0.207065203986330     
   3.05320839087168        1.83192503452301      -0.196810164577160     
   3.05320839087168        2.13724587361018      -0.186440025135881     
   3.05320839087168        2.44256671269735      -0.176258828628166     
   3.05320839087168        2.74788755178452      -0.166439411216114     
   3.05320839087168        3.05320839087168      -0.157069609731134     
   3.05320839087168        3.35852922995885      -0.148199010408887     
   3.05320839087168        3.66385006904602      -0.139869619368043     
   3.05320839087168        3.96917090813319      -0.132119990978777     
   3.05320839087168        4.27449174722036      -0.124972341729356     
   3.05320839087168        4.57981258630753      -0.118415911924660     
   3.05320839087168        4.88513342539469      -0.112398247111037     
   3.05320839087168        5.19045426448186      -0.106830213963348     
   3.05320839087168        5.49577510356903      -0.101606914380722     
   3.05320839087168        5.80109594265620      -9.663989533933054E-002
   3.05320839087168        6.10641678174337      -9.188778275482838E-002
   3.05320839087168        6.41173762083054      -8.737127848841056E-002
   3.05320839087168        6.71705845991770      -8.328675441933990E-002
   3.05320839087168        7.02237929900487      -7.999815877943224E-002
   3.05320839087168        7.32770013809204      -7.733141076462016E-002
   3.35852922995885       0.000000000000000E+000 -0.208439042659667     
   3.35852922995885       0.305320839087168      -0.210157896048795     
   3.35852922995885       0.610641678174337      -0.210220712401822     
   3.35852922995885       0.915962517261505      -0.205632416542800     
   3.35852922995885        1.22128335634867      -0.198118210953428     
   3.35852922995885        1.52660419543584      -0.189668422653131     
   3.35852922995885        1.83192503452301      -0.181090006248831     
   3.35852922995885        2.13724587361018      -0.172514579974945     
   3.35852922995885        2.44256671269735      -0.164107763827419     
   3.35852922995885        2.74788755178452      -0.155985679612202     
   3.35852922995885        3.05320839087168      -0.148198973933729     
   3.35852922995885        3.35852922995885      -0.140759454059613     
   3.35852922995885        3.66385006904602      -0.133674432933487     
   3.35852922995885        3.96917090813319      -0.126963468228051     
   3.35852922995885        4.27449174722036      -0.120651959547682     
   3.35852922995885        4.57981258630753      -0.114751953942227     
   3.35852922995885        4.88513342539469      -0.109243498980091     
   3.35852922995885        5.19045426448186      -0.104069841525660     
   3.35852922995885        5.49577510356903      -9.915360414548838E-002
   3.35852922995885        5.80109594265620      -9.442678618615782E-002
   3.35852922995885        6.10641678174337      -8.984918854125241E-002
   3.35852922995885        6.41173762083054      -8.542466604966262E-002
   3.35852922995885        6.71705845991770      -8.147629744508361E-002
   3.35852922995885        7.02237929900487      -7.867138316295350E-002
   3.35852922995885        7.32770013809204      -7.669711016847387E-002
   3.66385006904602       0.000000000000000E+000 -0.196130718369369     
   3.66385006904602       0.305320839087168      -0.197296467927618     
   3.66385006904602       0.610641678174337      -0.195095384968138     
   3.66385006904602       0.915962517261505      -0.188953992831368     
   3.66385006904602        1.22128335634867      -0.181372789730667     
   3.66385006904602        1.52660419543584      -0.173821454474810     
   3.66385006904602        1.83192503452301      -0.166642374802981     
   3.66385006904602        2.13724587361018      -0.159642373650425     
   3.66385006904602        2.44256671269735      -0.152835205713104     
   3.66385006904602        2.74788755178452      -0.146247512035888     
   3.66385006904602        3.05320839087168      -0.139869909676888     
   3.66385006904602        3.35852922995885      -0.133674710350596     
   3.66385006904602        3.66385006904602      -0.127649680278769     
   3.66385006904602        3.96917090813319      -0.121815422276400     
   3.66385006904602        4.27449174722036      -0.116214994717938     
   3.66385006904602        4.57981258630753      -0.110886529555254     
   3.66385006904602        4.88513342539469      -0.105836142867487     
   3.66385006904602        5.19045426448186      -0.101030138441855     
   3.66385006904602        5.49577510356903      -9.641260583673868E-002
   3.66385006904602        5.80109594265620      -9.193562172116158E-002
   3.66385006904602        6.10641678174337      -8.756948748938610E-002
   3.66385006904602        6.41173762083054      -8.335589893010485E-002
   3.66385006904602        6.71705845991770      -7.968147549524418E-002
   3.66385006904602        7.02237929900487      -7.730813604388286E-002
   3.66385006904602        7.32770013809204      -7.560159426911173E-002
   3.96917090813319       0.000000000000000E+000 -0.176707471459275     
   3.96917090813319       0.305320839087168      -0.178805086182170     
   3.96917090813319       0.610641678174337      -0.177390420719148     
   3.96917090813319       0.915962517261505      -0.171906624302600     
   3.96917090813319        1.22128335634867      -0.165340390591711     
   3.96917090813319        1.52660419543584      -0.159131618738793     
   3.96917090813319        1.83192503452301      -0.153387021014847     
   3.96917090813319        2.13724587361018      -0.147874139246566     
   3.96917090813319        2.44256671269735      -0.142525205371108     
   3.96917090813319        2.74788755178452      -0.137292882821264     
   3.96917090813319        3.05320839087168      -0.132120938677957     
   3.96917090813319        3.35852922995885      -0.126964309969451     
   3.96917090813319        3.66385006904602      -0.121815941612421     
   3.96917090813319        3.96917090813319      -0.116714536121180     
   3.96917090813319        4.27449174722036      -0.111725193595969     
   3.96917090813319        4.57981258630753      -0.106904877924233     
   3.96917090813319        4.88513342539469      -0.102273511807837     
   3.96917090813319        5.19045426448186      -9.781058521027054E-002
   3.96917090813319        5.49577510356903      -9.347849050731019E-002
   3.96917090813319        5.80109594265620      -8.925618793221779E-002
   3.96917090813319        6.10641678174337      -8.515798343165176E-002
   3.96917090813319        6.41173762083054      -8.130152799651445E-002
   3.96917090813319        6.71705845991770      -7.809497173197223E-002
   3.96917090813319        7.02237929900487      -7.599291668063153E-002
   3.96917090813319        7.32770013809204      -7.420756280496123E-002
   4.27449174722036       0.000000000000000E+000 -0.159693826340630     
   4.27449174722036       0.305320839087168      -0.159985499323888     
   4.27449174722036       0.610641678174337      -0.158642307261353     
   4.27449174722036       0.915962517261505      -0.154896319341239     
   4.27449174722036        1.22128335634867      -0.150214844019423     
   4.27449174722036        1.52660419543584      -0.145698227599255     
   4.27449174722036        1.83192503452301      -0.141426684637633     
   4.27449174722036        2.13724587361018      -0.137305039872493     
   4.27449174722036        2.44256671269735      -0.133245451116040     
   4.27449174722036        2.74788755178452      -0.129159834974144     
   4.27449174722036        3.05320839087168      -0.124974208630536     
   4.27449174722036        3.35852922995885      -0.120653590872773     
   4.27449174722036        3.66385006904602      -0.116216224325958     
   4.27449174722036        3.96917090813319      -0.111725870684006     
   4.27449174722036        4.27449174722036      -0.107263793990499     
   4.27449174722036        4.57981258630753      -0.102893907655441     
   4.27449174722036        4.88513342539469      -9.863959579125139E-002
   4.27449174722036        5.19045426448186      -9.448778334802516E-002
   4.27449174722036        5.49577510356903      -9.041775372848117E-002
   4.27449174722036        5.80109594265620      -8.643719530599425E-002
   4.27449174722036        6.10641678174337      -8.260910275429890E-002
   4.27449174722036        6.41173762083054      -7.908834933103563E-002
   4.27449174722036        6.71705845991770      -7.620329237940339E-002
   4.27449174722036        7.02237929900487      -7.411635392275100E-002
   4.27449174722036        7.32770013809204      -7.221672895801041E-002
   4.57981258630753       0.000000000000000E+000 -0.143387471657742     
   4.57981258630753       0.305320839087168      -0.143160700994493     
   4.57981258630753       0.610641678174337      -0.142002267180669     
   4.57981258630753       0.915962517261505      -0.139691339614372     
   4.57981258630753        1.22128335634867      -0.136795108677085     
   4.57981258630753        1.52660419543584      -0.133814178097314     
   4.57981258630753        1.83192503452301      -0.130887332600327     
   4.57981258630753        2.13724587361018      -0.127980393226926     
   4.57981258630753        2.44256671269735      -0.124995632512105     
   4.57981258630753        2.74788755178452      -0.121830464852479     
   4.57981258630753        3.05320839087168      -0.118418873628011     
   4.57981258630753        3.35852922995885      -0.114754529441973     
   4.57981258630753        3.66385006904602      -0.110888607751675     
   4.57981258630753        3.96917090813319      -0.106906355124998     
   4.57981258630753        4.27449174722036      -0.102894691536512     
   4.57981258630753        4.57981258630753      -9.891445452937607E-002
   4.57981258630753        4.88513342539469      -9.498770483992314E-002
   4.57981258630753        5.19045426448186      -9.110828221373919E-002
   4.57981258630753        5.49577510356903      -8.727186510546872E-002
   4.57981258630753        5.80109594265620      -8.350806703454070E-002
   4.57981258630753        6.10641678174337      -7.989998017613968E-002
   4.57981258630753        6.41173762083054      -7.658888005560344E-002
   4.57981258630753        6.71705845991770      -7.376295736494916E-002
   4.57981258630753        7.02237929900487      -7.144675772964486E-002
   4.57981258630753        7.32770013809204      -6.925722822927703E-002
   4.88513342539469       0.000000000000000E+000 -0.129373857455316     
   4.88513342539469       0.305320839087168      -0.129163076416518     
   4.88513342539469       0.610641678174337      -0.128422193093557     
   4.88513342539469       0.915962517261505      -0.127096434802677     
   4.88513342539469        1.22128335634867      -0.125419495849646     
   4.88513342539469        1.52660419543584      -0.123622630959949     
   4.88513342539469        1.83192503452301      -0.121781927502465     
   4.88513342539469        2.13724587361018      -0.119842475593435     
   4.88513342539469        2.44256671269735      -0.117691132117859     
   4.88513342539469        2.74788755178452      -0.115225907553501     
   4.88513342539469        3.05320839087168      -0.112402402555888     
   4.88513342539469        3.35852922995885      -0.109247117282661     
   4.88513342539469        3.66385006904602      -0.105839170551509     
   4.88513342539469        3.96917090813319      -0.102275890907714     
   4.88513342539469        4.27449174722036      -9.864126334530310E-002
   4.88513342539469        4.57981258630753      -9.498858434583875E-002
   4.88513342539469        4.88513342539469      -9.133899145200568E-002
   4.88513342539469        5.19045426448186      -8.769602949058743E-002
   4.88513342539469        5.49577510356903      -8.407109727517832E-002
   4.88513342539469        5.80109594265620      -8.050605935073263E-002
   4.88513342539469        6.10641678174337      -7.708021834388259E-002
   4.88513342539469        6.41173762083054      -7.389733959496413E-002
   4.88513342539469        6.71705845991770      -7.104888924280463E-002
   4.88513342539469        7.02237929900487      -6.853636726656992E-002
   4.88513342539469        7.32770013809204      -6.618709777124776E-002
   5.19045426448186       0.000000000000000E+000 -0.117971053690322     
   5.19045426448186       0.305320839087168      -0.117853323713509     
   5.19045426448186       0.610641678174337      -0.117467477301563     
   5.19045426448186       0.915962517261505      -0.116812470055792     
   5.19045426448186        1.22128335634867      -0.115969838131549     
   5.19045426448186        1.52660419543584      -0.115023798659122     
   5.19045426448186        1.83192503452301      -0.113975162736752     
   5.19045426448186        2.13724587361018      -0.112735502984433     
   5.19045426448186        2.44256671269735      -0.111181794353699     
   5.19045426448186        2.74788755178452      -0.109222065440910     
   5.19045426448186        3.05320839087168      -0.106835612032946     
   5.19045426448186        3.35852922995885      -0.104074566120196     
   5.19045426448186        3.66385006904602      -0.101034189481952     
   5.19045426448186        3.96917090813319      -9.781394877783874E-002
   5.19045426448186        4.27449174722036      -9.449042378799304E-002
   5.19045426448186        4.57981258630753      -9.111013285793294E-002
   5.19045426448186        4.88513342539469      -8.769699869350089E-002
   5.19045426448186        5.19045426448186      -8.426692888153489E-002
   5.19045426448186        5.49577510356903      -8.084448210037795E-002
   5.19045426448186        5.80109594265620      -7.747371814965198E-002
   5.19045426448186        6.10641678174337      -7.421767814368981E-002
   5.19045426448186        6.41173762083054      -7.114540173734189E-002
   5.19045426448186        6.71705845991770      -6.831039321043950E-002
   5.19045426448186        7.02237929900487      -6.572634433753448E-002
   5.19045426448186        7.32770013809204      -6.335768554862940E-002
   5.49577510356903       0.000000000000000E+000 -0.108390324434566     
   5.49577510356903       0.305320839087168      -0.108387826401631     
   5.49577510356903       0.610641678174337      -0.108386697964594     
   5.49577510356903       0.915962517261505      -0.108320366019796     
   5.49577510356903        1.22128335634867      -0.108107650542185     
   5.49577510356903        1.52660419543584      -0.107751676543902     
   5.49577510356903        1.83192503452301      -0.107230346501312     
   5.49577510356903        2.13724587361018      -0.106448931096355     
   5.49577510356903        2.44256671269735      -0.105290701757666     
   5.49577510356903        2.74788755178452      -0.103679516681521     
   5.49577510356903        3.05320839087168      -0.101613573532831     
   5.49577510356903        3.35852922995885      -9.915946313648727E-002
   5.49577510356903        3.66385006904602      -9.641770888500996E-002
   5.49577510356903        3.96917090813319      -9.348287721878906E-002
   5.49577510356903        4.27449174722036      -9.042142089866646E-002
   5.49577510356903        4.57981258630753      -8.727474696659550E-002
   5.49577510356903        4.88513342539469      -8.407308837255235E-002
   5.49577510356903        5.19045426448186      -8.084548808154075E-002
   5.49577510356903        5.49577510356903      -7.762408687293483E-002
   5.49577510356903        5.80109594265620      -7.444527834838080E-002
   5.49577510356903        6.10641678174337      -7.134748760850043E-002
   5.49577510356903        6.41173762083054      -6.836698879585885E-002
   5.49577510356903        6.71705845991770      -6.554733457671749E-002
   5.49577510356903        7.02237929900487      -6.295958056967829E-002
   5.49577510356903        7.32770013809204      -6.065286033086866E-002
   5.80109594265620       0.000000000000000E+000 -0.100780547212994     
   5.80109594265620       0.305320839087168      -0.100848320156220     
   5.80109594265620       0.610641678174337      -0.101022879385998     
   5.80109594265620       0.915962517261505      -0.101249737366626     
   5.80109594265620        1.22128335634867      -0.101439307596283     
   5.80109594265620        1.52660419543584      -0.101482509985652     
   5.80109594265620        1.83192503452301      -0.101280942820339     
   5.80109594265620        2.13724587361018      -0.100770393681910     
   5.80109594265620        2.44256671269735      -9.985617330935956E-002
   5.80109594265620        2.74788755178452      -9.847926622764373E-002
   5.80109594265620        3.05320839087168      -9.664781301024403E-002
   5.80109594265620        3.35852922995885      -9.443374653069690E-002
   5.80109594265620        3.66385006904602      -9.194171122052991E-002
   5.80109594265620        3.96917090813319      -8.926155522329939E-002
   5.80109594265620        4.27449174722036      -8.644189254937672E-002
   5.80109594265620        4.57981258630753      -8.351199733542128E-002
   5.80109594265620        4.88513342539469      -8.050906531847864E-002
   5.80109594265620        5.19045426448186      -7.747567789397920E-002
   5.80109594265620        5.49577510356903      -7.444617672962804E-002
   5.80109594265620        5.80109594265620      -7.144118096874268E-002
   5.80109594265620        6.10641678174337      -6.846890213929167E-002
   5.80109594265620        6.41173762083054      -6.555594342084005E-002
   5.80109594265620        6.71705845991770      -6.277303774089626E-002
   5.80109594265620        7.02237929900487      -6.022753821340736E-002
   5.80109594265620        7.32770013809204      -5.801527335265123E-002
   6.10641678174337       0.000000000000000E+000 -9.454676376005756E-002
   6.10641678174337       0.305320839087168      -9.466423813806610E-002
   6.10641678174337       0.610641678174337      -9.497331124419289E-002
   6.10641678174337       0.915962517261505      -9.535876931272759E-002
   6.10641678174337        1.22128335634867      -9.570593249292852E-002
   6.10641678174337        1.52660419543584      -9.591941101952794E-002
   6.10641678174337        1.83192503452301      -9.589060221819810E-002
   6.10641678174337        2.13724587361018      -9.552956363642019E-002
   6.10641678174337        2.44256671269735      -9.476758613602057E-002
   6.10641678174337        2.74788755178452      -9.355649119291594E-002
   6.10641678174337        3.05320839087168      -9.189700294604487E-002
   6.10641678174337        3.35852922995885      -8.985715051755090E-002
   6.10641678174337        3.66385006904602      -8.757634693480879E-002
   6.10641678174337        3.96917090813319      -8.516420523555616E-002
   6.10641678174337        4.27449174722036      -8.261486559687825E-002
   6.10641678174337        4.57981258630753      -7.990500910447390E-002
   6.10641678174337        4.88513342539469      -7.708420861368694E-002
   6.10641678174337        5.19045426448186      -7.422045877333547E-002
   6.10641678174337        5.49577510356903      -7.134903343741185E-002
   6.10641678174337        5.80109594265620      -6.846939591933586E-002
   6.10641678174337        6.10641678174337      -6.558227654964140E-002
   6.10641678174337        6.41173762083054      -6.268366111029462E-002
   6.10641678174337        6.71705845991770      -5.984273056619034E-002
   6.10641678174337        7.02237929900487      -5.725615751314585E-002
   6.10641678174337        7.32770013809204      -5.512718795987523E-002
   6.41173762083054       0.000000000000000E+000 -8.850786835444713E-002
   6.41173762083054       0.305320839087168      -8.874455029808803E-002
   6.41173762083054       0.610641678174337      -8.935552309449227E-002
   6.41173762083054       0.915962517261505      -9.003606634168866E-002
   6.41173762083054        1.22128335634867      -9.054809345667476E-002
   6.41173762083054        1.52660419543584      -9.083917494808955E-002
   6.41173762083054        1.83192503452301      -9.088888467971382E-002
   6.41173762083054        2.13724587361018      -9.062547580667997E-002
   6.41173762083054        2.44256671269735      -8.998794692270923E-002
   6.41173762083054        2.74788755178452      -8.892764717865692E-002
   6.41173762083054        3.05320839087168      -8.738220956192577E-002
   6.41173762083054        3.35852922995885      -8.543397389627973E-002
   6.41173762083054        3.66385006904602      -8.336375601464807E-002
   6.41173762083054        3.96917090813319      -8.130895871165095E-002
   6.41173762083054        4.27449174722036      -7.909563981349875E-002
   6.41173762083054        4.57981258630753      -7.659533008215645E-002
   6.41173762083054        4.88513342539469      -7.390236257516129E-002
   6.41173762083054        5.19045426448186      -7.114885404375552E-002
   6.41173762083054        5.49577510356903      -6.836885047506187E-002
   6.41173762083054        5.80109594265620      -6.555650816561936E-002
   6.41173762083054        6.10641678174337      -6.268365637676995E-002
   6.41173762083054        6.41173762083054      -5.962864396904721E-002
   6.41173762083054        6.71705845991770      -5.641916260594726E-002
   6.41173762083054        7.02237929900487      -5.349554834722063E-002
   6.41173762083054        7.32770013809204      -5.139255806390548E-002
   6.71705845991770       0.000000000000000E+000 -8.132013814746809E-002
   6.71705845991770       0.305320839087168      -8.177768410290583E-002
   6.71705845991770       0.610641678174337      -8.323749389057861E-002
   6.71705845991770       0.915962517261505      -8.474826693213970E-002
   6.71705845991770        1.22128335634867      -8.565571434172441E-002
   6.71705845991770        1.52660419543584      -8.607495906771552E-002
   6.71705845991770        1.83192503452301      -8.618803422277112E-002
   6.71705845991770        2.13724587361018      -8.603051721687521E-002
   6.71705845991770        2.44256671269735      -8.555022164901344E-002
   6.71705845991770        2.74788755178452      -8.468541720808170E-002
   6.71705845991770        3.05320839087168      -8.330001208276250E-002
   6.71705845991770        3.35852922995885      -8.148744200054583E-002
   6.71705845991770        3.66385006904602      -7.969042599932659E-002
   6.71705845991770        3.96917090813319      -7.810414505079417E-002
   6.71705845991770        4.27449174722036      -7.621298015031149E-002
   6.71705845991770        4.57981258630753      -7.377149416438891E-002
   6.71705845991770        4.88513342539469      -7.105512799638779E-002
   6.71705845991770        5.19045426448186      -6.831441754186381E-002
   6.71705845991770        5.49577510356903      -6.554928627563475E-002
   6.71705845991770        5.80109594265620      -6.277352753345823E-002
   6.71705845991770        6.10641678174337      -5.984248947103528E-002
   6.71705845991770        6.41173762083054      -5.641870748907582E-002
   6.71705845991770        6.71705845991770      -5.230364769853355E-002
   6.71705845991770        7.02237929900487      -4.838641829096994E-002
   6.71705845991770        7.32770013809204      -4.626732558287407E-002
   7.02237929900487       0.000000000000000E+000 -7.397772102337852E-002
   7.02237929900487       0.305320839087168      -7.441012015871516E-002
   7.02237929900487       0.610641678174337      -7.684386701351943E-002
   7.02237929900487       0.915962517261505      -7.954672594485385E-002
   7.02237929900487        1.22128335634867      -8.099751661591513E-002
   7.02237929900487        1.52660419543584      -8.159776963631185E-002
   7.02237929900487        1.83192503452301      -8.179424216199715E-002
   7.02237929900487        2.13724587361018      -8.176529504155082E-002
   7.02237929900487        2.44256671269735      -8.150244966933595E-002
   7.02237929900487        2.74788755178452      -8.095870935744684E-002
   7.02237929900487        3.05320839087168      -8.001357196851473E-002
   7.02237929900487        3.35852922995885      -7.868449679235921E-002
   7.02237929900487        3.66385006904602      -7.731771389832261E-002
   7.02237929900487        3.96917090813319      -7.600421381016081E-002
   7.02237929900487        4.27449174722036      -7.412886431946882E-002
   7.02237929900487        4.57981258630753      -7.145742540984652E-002
   7.02237929900487        4.88513342539469      -6.854387090942334E-002
   7.02237929900487        5.19045426448186      -6.573086094532872E-002
   7.02237929900487        5.49577510356903      -6.296167449333973E-002
   7.02237929900487        5.80109594265620      -6.022806406559751E-002
   7.02237929900487        6.10641678174337      -5.725573811838897E-002
   7.02237929900487        6.41173762083054      -5.349434788193989E-002
   7.02237929900487        6.71705845991770      -4.838464144705140E-002
   7.02237929900487        7.02237929900487      -4.313661140709153E-002
   7.02237929900487        7.32770013809204      -4.103935486294479E-002
   7.32770013809204       0.000000000000000E+000 -6.847428042449027E-002
   7.32770013809204       0.305320839087168      -7.039725010675875E-002
   7.32770013809204       0.610641678174337      -7.245025159901318E-002
   7.32770013809204       0.915962517261505      -7.523077098911207E-002
   7.32770013809204        1.22128335634867      -7.681030536081214E-002
   7.32770013809204        1.52660419543584      -7.749489785803923E-002
   7.32770013809204        1.83192503452301      -7.776385947182878E-002
   7.32770013809204        2.13724587361018      -7.785213524685400E-002
   7.32770013809204        2.44256671269735      -7.780574513915238E-002
   7.32770013809204        2.74788755178452      -7.765787605606757E-002
   7.32770013809204        3.05320839087168      -7.734664924810385E-002
   7.32770013809204        3.35852922995885      -7.671029750128694E-002
   7.32770013809204        3.66385006904602      -7.561116878615334E-002
   7.32770013809204        3.96917090813319      -7.422028530600917E-002
   7.32770013809204        4.27449174722036      -7.223061778984632E-002
   7.32770013809204        4.57981258630753      -6.926882829693444E-002
   7.32770013809204        4.88513342539469      -6.619522263431640E-002
   7.32770013809204        5.19045426448186      -6.336251858823787E-002
   7.32770013809204        5.49577510356903      -6.065521143892176E-002
   7.32770013809204        5.80109594265620      -5.801603341414940E-002
   7.32770013809204        6.10641678174337      -5.512685129532065E-002
   7.32770013809204        6.41173762083054      -5.139084396954875E-002
   7.32770013809204        6.71705845991770      -4.626338417387636E-002
   7.32770013809204        7.02237929900487      -4.103489916071375E-002
   7.32770013809204        7.32770013809204      -3.719749022845344E-002
