  0.000000000000000E+000  0.000000000000000E+000 -0.282398258820292     
  0.000000000000000E+000  0.305320839087168      -0.284572506494685     
  0.000000000000000E+000  0.610641678174337      -0.290128386339956     
  0.000000000000000E+000  0.915962517261505      -0.300692920301155     
  0.000000000000000E+000   1.22128335634867      -0.308462513186552     
  0.000000000000000E+000   1.52660419543584      -0.311216694401578     
  0.000000000000000E+000   1.83192503452301      -0.308895912902855     
  0.000000000000000E+000   2.13724587361018      -0.302517919391867     
  0.000000000000000E+000   2.44256671269735      -0.294082683718701     
  0.000000000000000E+000   2.74788755178452      -0.282445473955675     
  0.000000000000000E+000   3.05320839087168      -0.270572869464873     
  0.000000000000000E+000   3.35852922995885      -0.264958803421457     
  0.000000000000000E+000   3.66385006904602      -0.256982779117657     
  0.000000000000000E+000   3.96917090813319      -0.235199488354168     
  0.000000000000000E+000   4.27449174722036      -0.210642639411143     
  0.000000000000000E+000   4.57981258630753      -0.183992985024817     
  0.000000000000000E+000   4.88513342539469      -0.161610269436667     
  0.000000000000000E+000   5.19045426448186      -0.144945418120878     
  0.000000000000000E+000   5.49577510356903      -0.132744553717846     
  0.000000000000000E+000   5.80109594265620      -0.125127185509091     
  0.000000000000000E+000   6.10641678174337      -0.120892459110389     
  0.000000000000000E+000   6.41173762083054      -0.117917643007957     
  0.000000000000000E+000   6.71705845991770      -0.113957016869015     
  0.000000000000000E+000   7.02237929900487      -0.110504249029446     
  0.000000000000000E+000   7.32770013809204      -0.107230798443146     
  0.305320839087168       0.000000000000000E+000 -0.284573478780191     
  0.305320839087168       0.305320839087168      -0.280949991223265     
  0.305320839087168       0.610641678174337      -0.305466604488555     
  0.305320839087168       0.915962517261505      -0.332287235399662     
  0.305320839087168        1.22128335634867      -0.346651471925159     
  0.305320839087168        1.52660419543584      -0.350915503556239     
  0.305320839087168        1.83192503452301      -0.347949032478816     
  0.305320839087168        2.13724587361018      -0.339924365993511     
  0.305320839087168        2.44256671269735      -0.329993364582222     
  0.305320839087168        2.74788755178452      -0.315391008272642     
  0.305320839087168        3.05320839087168      -0.296674503750696     
  0.305320839087168        3.35852922995885      -0.280386760255989     
  0.305320839087168        3.66385006904602      -0.267215393361774     
  0.305320839087168        3.96917090813319      -0.244750457245132     
  0.305320839087168        4.27449174722036      -0.218238715560265     
  0.305320839087168        4.57981258630753      -0.192008309467140     
  0.305320839087168        4.88513342539469      -0.169786555447672     
  0.305320839087168        5.19045426448186      -0.152587660675231     
  0.305320839087168        5.49577510356903      -0.139528356353902     
  0.305320839087168        5.80109594265620      -0.130687577324337     
  0.305320839087168        6.10641678174337      -0.124895325033102     
  0.305320839087168        6.41173762083054      -0.120163100828050     
  0.305320839087168        6.71705845991770      -0.114702326298130     
  0.305320839087168        7.02237929900487      -0.111358379530446     
  0.305320839087168        7.32770013809204      -0.108858654968661     
  0.610641678174337       0.000000000000000E+000 -0.290123905202245     
  0.610641678174337       0.305320839087168      -0.305459183155529     
  0.610641678174337       0.610641678174337      -0.336338069205160     
  0.610641678174337       0.915962517261505      -0.366264396351841     
  0.610641678174337        1.22128335634867      -0.383200768852192     
  0.610641678174337        1.52660419543584      -0.388563224307683     
  0.610641678174337        1.83192503452301      -0.384942107296914     
  0.610641678174337        2.13724587361018      -0.376346910631167     
  0.610641678174337        2.44256671269735      -0.365041194281948     
  0.610641678174337        2.74788755178452      -0.349009553503377     
  0.610641678174337        3.05320839087168      -0.326356239615460     
  0.610641678174337        3.35852922995885      -0.300775712298023     
  0.610641678174337        3.66385006904602      -0.275391213635835     
  0.610641678174337        3.96917090813319      -0.249026183451315     
  0.610641678174337        4.27449174722036      -0.222072691800489     
  0.610641678174337        4.57981258630753      -0.197009437565524     
  0.610641678174337        4.88513342539469      -0.175929614894643     
  0.610641678174337        5.19045426448186      -0.158882470432637     
  0.610641678174337        5.49577510356903      -0.145494127721798     
  0.610641678174337        5.80109594265620      -0.135696025023769     
  0.610641678174337        6.10641678174337      -0.128654800733940     
  0.610641678174337        6.41173762083054      -0.122999803729765     
  0.610641678174337        6.71705845991770      -0.117905573151563     
  0.610641678174337        7.02237929900487      -0.113672792170493     
  0.610641678174337        7.32770013809204      -0.107479827577007     
  0.915962517261505       0.000000000000000E+000 -0.300685154055663     
  0.915962517261505       0.305320839087168      -0.332278780830391     
  0.915962517261505       0.610641678174337      -0.366258886597248     
  0.915962517261505       0.915962517261505      -0.395118304374547     
  0.915962517261505        1.22128335634867      -0.412759838739928     
  0.915962517261505        1.52660419543584      -0.418878083815002     
  0.915962517261505        1.83192503452301      -0.415253838297723     
  0.915962517261505        2.13724587361018      -0.407838299924390     
  0.915962517261505        2.44256671269735      -0.395129264222718     
  0.915962517261505        2.74788755178452      -0.376129376996134     
  0.915962517261505        3.05320839087168      -0.351052327012698     
  0.915962517261505        3.35852922995885      -0.320454304380857     
  0.915962517261505        3.66385006904602      -0.287853191162576     
  0.915962517261505        3.96917090813319      -0.256116936804552     
  0.915962517261505        4.27449174722036      -0.227093156476177     
  0.915962517261505        4.57981258630753      -0.202100598954263     
  0.915962517261505        4.88513342539469      -0.181311521220818     
  0.915962517261505        5.19045426448186      -0.164293764993525     
  0.915962517261505        5.49577510356903      -0.150731171608127     
  0.915962517261505        5.80109594265620      -0.140214594988083     
  0.915962517261505        6.10641678174337      -0.132123601909516     
  0.915962517261505        6.41173762083054      -0.125489463152705     
  0.915962517261505        6.71705845991770      -0.119558524294865     
  0.915962517261505        7.02237929900487      -0.113458394353787     
  0.915962517261505        7.32770013809204      -0.106038298848848     
   1.22128335634867       0.000000000000000E+000 -0.308448456639200     
   1.22128335634867       0.305320839087168      -0.346636627495506     
   1.22128335634867       0.610641678174337      -0.383186588346248     
   1.22128335634867       0.915962517261505      -0.412750221389108     
   1.22128335634867        1.22128335634867      -0.431396508526114     
   1.22128335634867        1.52660419543584      -0.438398670536703     
   1.22128335634867        1.83192503452301      -0.437100147239454     
   1.22128335634867        2.13724587361018      -0.431070929906240     
   1.22128335634867        2.44256671269735      -0.416900325391206     
   1.22128335634867        2.74788755178452      -0.394343087419856     
   1.22128335634867        3.05320839087168      -0.365430197352974     
   1.22128335634867        3.35852922995885      -0.332495350432477     
   1.22128335634867        3.66385006904602      -0.297449112755574     
   1.22128335634867        3.96917090813319      -0.263429051614703     
   1.22128335634867        4.27449174722036      -0.233119047444537     
   1.22128335634867        4.57981258630753      -0.207508342372994     
   1.22128335634867        4.88513342539469      -0.186342905467950     
   1.22128335634867        5.19045426448186      -0.169156477616625     
   1.22128335634867        5.49577510356903      -0.155368662119862     
   1.22128335634867        5.80109594265620      -0.144287248009614     
   1.22128335634867        6.10641678174337      -0.135219444310378     
   1.22128335634867        6.41173762083054      -0.127399967650721     
   1.22128335634867        6.71705845991770      -0.120166403766286     
   1.22128335634867        7.02237929900487      -0.112886210385214     
   1.22128335634867        7.32770013809204      -0.105221030583160     
   1.52660419543584       0.000000000000000E+000 -0.311194130174733     
   1.52660419543584       0.305320839087168      -0.350890060026262     
   1.52660419543584       0.610641678174337      -0.388536965192131     
   1.52660419543584       0.915962517261505      -0.418855754139196     
   1.52660419543584        1.22128335634867      -0.438385808888648     
   1.52660419543584        1.52660419543584      -0.447402100835982     
   1.52660419543584        1.83192503452301      -0.449878307893966     
   1.52660419543584        2.13724587361018      -0.443689511048597     
   1.52660419543584        2.44256671269735      -0.427774546543766     
   1.52660419543584        2.74788755178452      -0.403047176636461     
   1.52660419543584        3.05320839087168      -0.371924944310056     
   1.52660419543584        3.35852922995885      -0.337312096694038     
   1.52660419543584        3.66385006904602      -0.301931468499161     
   1.52660419543584        3.96917090813319      -0.268202975244588     
   1.52660419543584        4.27449174722036      -0.237967193447364     
   1.52660419543584        4.57981258630753      -0.212124138176287     
   1.52660419543584        4.88513342539469      -0.190757774333069     
   1.52660419543584        5.19045426448186      -0.173442415092670     
   1.52660419543584        5.49577510356903      -0.159443855822226     
   1.52660419543584        5.80109594265620      -0.147895872063188     
   1.52660419543584        6.10641678174337      -0.137990442842818     
   1.52660419543584        6.41173762083054      -0.129096535670652     
   1.52660419543584        6.71705845991770      -0.120790379743106     
   1.52660419543584        7.02237929900487      -0.112793077920793     
   1.52660419543584        7.32770013809204      -0.105026311376322     
   1.83192503452301       0.000000000000000E+000 -0.308865147962771     
   1.83192503452301       0.305320839087168      -0.347913244482075     
   1.83192503452301       0.610641678174337      -0.384904591434101     
   1.83192503452301       0.915962517261505      -0.415219971847676     
   1.83192503452301        1.22128335634867      -0.437075171446892     
   1.83192503452301        1.52660419543584      -0.449865585544813     
   1.83192503452301        1.83192503452301      -0.452560319038276     
   1.83192503452301        2.13724587361018      -0.444635783551964     
   1.83192503452301        2.44256671269735      -0.426799347100998     
   1.83192503452301        2.74788755178452      -0.401014580369127     
   1.83192503452301        3.05320839087168      -0.369930896296294     
   1.83192503452301        3.35852922995885      -0.336216735850460     
   1.83192503452301        3.66385006904602      -0.302197092887692     
   1.83192503452301        3.96917090813319      -0.269786621889473     
   1.83192503452301        4.27449174722036      -0.240450701812184     
   1.83192503452301        4.57981258630753      -0.215099300848507     
   1.83192503452301        4.88513342539469      -0.194006867794665     
   1.83192503452301        5.19045426448186      -0.176831259397434     
   1.83192503452301        5.49577510356903      -0.162774993090682     
   1.83192503452301        5.80109594265620      -0.150876972802656     
   1.83192503452301        6.10641678174337      -0.140321148112268     
   1.83192503452301        6.41173762083054      -0.130609973206875     
   1.83192503452301        6.71705845991770      -0.121541531923433     
   1.83192503452301        7.02237929900487      -0.113079055047894     
   1.83192503452301        7.32770013809204      -0.105224501885377     
   2.13724587361018       0.000000000000000E+000 -0.302481252122654     
   2.13724587361018       0.305320839087168      -0.339881723972308     
   2.13724587361018       0.610641678174337      -0.376302266289958     
   2.13724587361018       0.915962517261505      -0.407796753965805     
   2.13724587361018        1.22128335634867      -0.431037384523328     
   2.13724587361018        1.52660419543584      -0.443667323830801     
   2.13724587361018        1.83192503452301      -0.444625704724417     
   2.13724587361018        2.13724587361018      -0.434444549820823     
   2.13724587361018        2.44256671269735      -0.415091291918544     
   2.13724587361018        2.74788755178452      -0.389291808202499     
   2.13724587361018        3.05320839087168      -0.359717136341256     
   2.13724587361018        3.35852922995885      -0.328501916031600     
   2.13724587361018        3.66385006904602      -0.297258750022408     
   2.13724587361018        3.96917090813319      -0.267320237421825     
   2.13724587361018        4.27449174722036      -0.239863816470306     
   2.13724587361018        4.57981258630753      -0.215810963997087     
   2.13724587361018        4.88513342539469      -0.195579954783829     
   2.13724587361018        5.19045426448186      -0.178921522870760     
   2.13724587361018        5.49577510356903      -0.165040171715574     
   2.13724587361018        5.80109594265620      -0.152965201428939     
   2.13724587361018        6.10641678174337      -0.141948402260823     
   2.13724587361018        6.41173762083054      -0.131659998167170     
   2.13724587361018        6.71705845991770      -0.122109307004777     
   2.13724587361018        7.02237929900487      -0.113405404179169     
   2.13724587361018        7.32770013809204      -0.105553634123977     
   2.44256671269735       0.000000000000000E+000 -0.294041748651983     
   2.44256671269735       0.305320839087168      -0.329946403591354     
   2.44256671269735       0.610641678174337      -0.364993623780776     
   2.44256671269735       0.915962517261505      -0.395085445957851     
   2.44256671269735        1.22128335634867      -0.416863957531670     
   2.44256671269735        1.52660419543584      -0.427748304189069     
   2.44256671269735        1.83192503452301      -0.426783906102758     
   2.44256671269735        2.13724587361018      -0.415085096070686     
   2.44256671269735        2.44256671269735      -0.395322646584385     
   2.44256671269735        2.74788755178452      -0.370614124940418     
   2.44256671269735        3.05320839087168      -0.343511122803861     
   2.44256671269735        3.35852922995885      -0.315615362100968     
   2.44256671269735        3.66385006904602      -0.287878496590174     
   2.44256671269735        3.96917090813319      -0.261110459173466     
   2.44256671269735        4.27449174722036      -0.236221445900062     
   2.44256671269735        4.57981258630753      -0.214097108522554     
   2.44256671269735        4.88513342539469      -0.195228237842056     
   2.44256671269735        5.19045426448186      -0.179431963320155     
   2.44256671269735        5.49577510356903      -0.165953489234475     
   2.44256671269735        5.80109594265620      -0.153884260062458     
   2.44256671269735        6.10641678174337      -0.142601759520821     
   2.44256671269735        6.41173762083054      -0.131957797858551     
   2.44256671269735        6.71705845991770      -0.122150257133060     
   2.44256671269735        7.02237929900487      -0.113418307058891     
   2.44256671269735        7.32770013809204      -0.105755590976316     
   2.74788755178452       0.000000000000000E+000 -0.282403581783212     
   2.74788755178452       0.305320839087168      -0.315344839112379     
   2.74788755178452       0.610641678174337      -0.348964942811622     
   2.74788755178452       0.915962517261505      -0.376089507610791     
   2.74788755178452        1.22128335634867      -0.394309900750480     
   2.74788755178452        1.52660419543584      -0.403022374766422     
   2.74788755178452        1.83192503452301      -0.400998656490999     
   2.74788755178452        2.13724587361018      -0.389283551835657     
   2.74788755178452        2.44256671269735      -0.370611228972503     
   2.74788755178452        2.74788755178452      -0.348079257298538     
   2.74788755178452        3.05320839087168      -0.324031459628143     
   2.74788755178452        3.35852922995885      -0.299695182259245     
   2.74788755178452        3.66385006904602      -0.275583996673729     
   2.74788755178452        3.96917090813319      -0.252145588651636     
   2.74788755178452        4.27449174722036      -0.230085403638626     
   2.74788755178452        4.57981258630753      -0.210212186204593     
   2.74788755178452        4.88513342539469      -0.193000871439038     
   2.74788755178452        5.19045426448186      -0.178286943946210     
   2.74788755178452        5.49577510356903      -0.165376831930547     
   2.74788755178452        5.80109594265620      -0.153476748122475     
   2.74788755178452        6.10641678174337      -0.142120285326238     
   2.74788755178452        6.41173762083054      -0.131316453880892     
   2.74788755178452        6.71705845991770      -0.121379337300534     
   2.74788755178452        7.02237929900487      -0.112823446040439     
   2.74788755178452        7.32770013809204      -0.105791128398210     
   3.05320839087168       0.000000000000000E+000 -0.270531290606292     
   3.05320839087168       0.305320839087168      -0.296635508525889     
   3.05320839087168       0.610641678174337      -0.326323035264345     
   3.05320839087168       0.915962517261505      -0.351022599974140     
   3.05320839087168        1.22128335634867      -0.365404300835255     
   3.05320839087168        1.52660419543584      -0.371905003039162     
   3.05320839087168        1.83192503452301      -0.369917675072117     
   3.05320839087168        2.13724587361018      -0.359709721176857     
   3.05320839087168        2.44256671269735      -0.343507783707376     
   3.05320839087168        2.74788755178452      -0.324030444985906     
   3.05320839087168        3.05320839087168      -0.303352449324533     
   3.05320839087168        3.35852922995885      -0.282503534102395     
   3.05320839087168        3.66385006904602      -0.261797324883822     
   3.05320839087168        3.96917090813319      -0.241496349911597     
   3.05320839087168        4.27449174722036      -0.222192932823476     
   3.05320839087168        4.57981258630753      -0.204608151472554     
   3.05320839087168        4.88513342539469      -0.189133064642171     
   3.05320839087168        5.19045426448186      -0.175580965451166     
   3.05320839087168        5.49577510356903      -0.163333291523365     
   3.05320839087168        5.80109594265620      -0.151744944720520     
   3.05320839087168        6.10641678174337      -0.140504188712713     
   3.05320839087168        6.41173762083054      -0.129656883715502     
   3.05320839087168        6.71705845991770      -0.119654903705059     
   3.05320839087168        7.02237929900487      -0.111586089710099     
   3.05320839087168        7.32770013809204      -0.105787382946869     
   3.35852922995885       0.000000000000000E+000 -0.264913513622415     
   3.35852922995885       0.305320839087168      -0.280355567124344     
   3.35852922995885       0.610641678174337      -0.300754168557375     
   3.35852922995885       0.915962517261505      -0.320434553079393     
   3.35852922995885        1.22128335634867      -0.332476733229166     
   3.35852922995885        1.52660419543584      -0.337297080811324     
   3.35852922995885        1.83192503452301      -0.336206818483266     
   3.35852922995885        2.13724587361018      -0.328496333016431     
   3.35852922995885        2.44256671269735      -0.315612704518311     
   3.35852922995885        2.74788755178452      -0.299694169620434     
   3.35852922995885        3.05320839087168      -0.282503286368051     
   3.35852922995885        3.35852922995885      -0.264975393904896     
   3.35852922995885        3.66385006904602      -0.247379973122449     
   3.35852922995885        3.96917090813319      -0.229917529583378     
   3.35852922995885        4.27449174722036      -0.213150094177329     
   3.35852922995885        4.57981258630753      -0.197721122171521     
   3.35852922995885        4.88513342539469      -0.183910503960418     
   3.35852922995885        5.19045426448186      -0.171500047040357     
   3.35852922995885        5.49577510356903      -0.159963281184995     
   3.35852922995885        5.80109594265620      -0.148826190509541     
   3.35852922995885        6.10641678174337      -0.137925235173489     
   3.35852922995885        6.41173762083054      -0.127293342293165     
   3.35852922995885        6.71705845991770      -0.117558805003572     
   3.35852922995885        7.02237929900487      -0.110400727735807     
   3.35852922995885        7.32770013809204      -0.105985586650751     
   3.66385006904602       0.000000000000000E+000 -0.256942090284673     
   3.66385006904602       0.305320839087168      -0.267177012037633     
   3.66385006904602       0.610641678174337      -0.275363987499837     
   3.66385006904602       0.915962517261505      -0.287832408601174     
   3.66385006904602        1.22128335634867      -0.297432152666825     
   3.66385006904602        1.52660419543584      -0.301918541163515     
   3.66385006904602        1.83192503452301      -0.302189014822315     
   3.66385006904602        2.13724587361018      -0.297254439387749     
   3.66385006904602        2.44256671269735      -0.287876544100308     
   3.66385006904602        2.74788755178452      -0.275583293183660     
   3.66385006904602        3.05320839087168      -0.261797187782370     
   3.66385006904602        3.35852922995885      -0.247380021786467     
   3.66385006904602        3.66385006904602      -0.232635768566049     
   3.66385006904602        3.96917090813319      -0.217776122833817     
   3.66385006904602        4.27449174722036      -0.203345563522519     
   3.66385006904602        4.57981258630753      -0.189897176139977     
   3.66385006904602        4.88513342539469      -0.177612650222777     
   3.66385006904602        5.19045426448186      -0.166274142397475     
   3.66385006904602        5.49577510356903      -0.155475570884193     
   3.66385006904602        5.80109594265620      -0.144928781619032     
   3.66385006904602        6.10641678174337      -0.134641387783643     
   3.66385006904602        6.41173762083054      -0.124720973367550     
   3.66385006904602        6.71705845991770      -0.115930796171153     
   3.66385006904602        7.02237929900487      -0.110053501113051     
   3.66385006904602        7.32770013809204      -0.105709850223201     
   3.96917090813319       0.000000000000000E+000 -0.235136733295831     
   3.96917090813319       0.305320839087168      -0.244681793443765     
   3.96917090813319       0.610641678174337      -0.248976523911287     
   3.96917090813319       0.915962517261505      -0.256084582157962     
   3.96917090813319        1.22128335634867      -0.263407649908239     
   3.96917090813319        1.52660419543584      -0.268188942313083     
   3.96917090813319        1.83192503452301      -0.269778454397749     
   3.96917090813319        2.13724587361018      -0.267316139720464     
   3.96917090813319        2.44256671269735      -0.261108792291445     
   3.96917090813319        2.74788755178452      -0.252145168927683     
   3.96917090813319        3.05320839087168      -0.241496469522086     
   3.96917090813319        3.35852922995885      -0.229917801896351     
   3.96917090813319        3.66385006904602      -0.217776323173067     
   3.96917090813319        3.96917090813319      -0.205347729714214     
   3.96917090813319        4.27449174722036      -0.193093900473938     
   3.96917090813319        4.57981258630753      -0.181441184902829     
   3.96917090813319        4.88513342539469      -0.170517370893550     
   3.96917090813319        5.19045426448186      -0.160161048774509     
   3.96917090813319        5.49577510356903      -0.150114887230820     
   3.96917090813319        5.80109594265620      -0.140267267993257     
   3.96917090813319        6.10641678174337      -0.130785068116315     
   3.96917090813319        6.41173762083054      -0.121918755028602     
   3.96917090813319        6.71705845991770      -0.114339429261492     
   3.96917090813319        7.02237929900487      -0.108914185886519     
   3.96917090813319        7.32770013809204      -0.103976335168818     
   4.27449174722036       0.000000000000000E+000 -0.210576286682844     
   4.27449174722036       0.305320839087168      -0.218162458138380     
   4.27449174722036       0.610641678174337      -0.222011712481536     
   4.27449174722036       0.915962517261505      -0.227052260674878     
   4.27449174722036        1.22128335634867      -0.233093217358868     
   4.27449174722036        1.52660419543584      -0.237951200668533     
   4.27449174722036        1.83192503452301      -0.240441627712991     
   4.27449174722036        2.13724587361018      -0.239859409342817     
   4.27449174722036        2.44256671269735      -0.236219849614481     
   4.27449174722036        2.74788755178452      -0.230085261433093     
   4.27449174722036        3.05320839087168      -0.222193391072857     
   4.27449174722036        3.35852922995885      -0.213150676189526     
   4.27449174722036        3.66385006904602      -0.203346022950705     
   4.27449174722036        3.96917090813319      -0.193094132873756     
   4.27449174722036        4.27449174722036      -0.182759672271457     
   4.27449174722036        4.57981258630753      -0.172655752995617     
   4.27449174722036        4.88513342539469      -0.162901949718097     
   4.27449174722036        5.19045426448186      -0.153433871249463     
   4.27449174722036        5.49577510356903      -0.144145501920870     
   4.27449174722036        5.80109594265620      -0.135057024399651     
   4.27449174722036        6.10641678174337      -0.126396200315205     
   4.27449174722036        6.41173762083054      -0.118502200158996     
   4.27449174722036        6.71705845991770      -0.111737064194515     
   4.27449174722036        7.02237929900487      -0.106342514485101     
   4.27449174722036        7.32770013809204      -0.101340439904922     
   4.57981258630753       0.000000000000000E+000 -0.183942596867620     
   4.57981258630753       0.305320839087168      -0.191948034814116     
   4.57981258630753       0.610641678174337      -0.196956420872521     
   4.57981258630753       0.915962517261505      -0.202062320665893     
   4.57981258630753        1.22128335634867      -0.207482721484332     
   4.57981258630753        1.52660419543584      -0.212107915429225     
   4.57981258630753        1.83192503452301      -0.215090111547203     
   4.57981258630753        2.13724587361018      -0.215806695743562     
   4.57981258630753        2.44256671269735      -0.214095878279919     
   4.57981258630753        2.74788755178452      -0.210212515750537     
   4.57981258630753        3.05320839087168      -0.204609052918349     
   4.57981258630753        3.35852922995885      -0.197722043091350     
   4.57981258630753        3.66385006904602      -0.189897876061595     
   4.57981258630753        3.96917090813319      -0.181441613517071     
   4.57981258630753        4.27449174722036      -0.172655949192840     
   4.57981258630753        4.57981258630753      -0.163799503045972     
   4.57981258630753        4.88513342539469      -0.155020953024691     
   4.57981258630753        5.19045426448186      -0.146360977761387     
   4.57981258630753        5.49577510356903      -0.137835502322379     
   4.57981258630753        5.80109594265620      -0.129534150326849     
   4.57981258630753        6.10641678174337      -0.121656543329256     
   4.57981258630753        6.41173762083054      -0.114457385662588     
   4.57981258630753        6.71705845991770      -0.108106750257593     
   4.57981258630753        7.02237929900487      -0.102560634412770     
   4.57981258630753        7.32770013809204      -9.728839910645298E-002
   4.88513342539469       0.000000000000000E+000 -0.161580392793130     
   4.88513342539469       0.305320839087168      -0.169749002510392     
   4.88513342539469       0.610641678174337      -0.175893847851634     
   4.88513342539469       0.915962517261505      -0.181282556477658     
   4.88513342539469        1.22128335634867      -0.186321827633857     
   4.88513342539469        1.52660419543584      -0.190744084900487     
   4.88513342539469        1.83192503452301      -0.193999351353981     
   4.88513342539469        2.13724587361018      -0.195576979601732     
   4.88513342539469        2.44256671269735      -0.195228085230844     
   4.88513342539469        2.74788755178452      -0.193002070397200     
   4.88513342539469        3.05320839087168      -0.189134595375123     
   4.88513342539469        3.35852922995885      -0.183911825633961     
   4.88513342539469        3.66385006904602      -0.177613599194571     
   4.88513342539469        3.96917090813319      -0.170518000364105     
   4.88513342539469        4.27449174722036      -0.162902368968879     
   4.88513342539469        4.57981258630753      -0.155021206093834     
   4.88513342539469        4.88513342539469      -0.147070139709127     
   4.88513342539469        5.19045426448186      -0.139174829544000     
   4.88513342539469        5.49577510356903      -0.131425644815759     
   4.88513342539469        5.80109594265620      -0.123925999963303     
   4.88513342539469        6.10641678174337      -0.116807683251769     
   4.88513342539469        6.41173762083054      -0.110195202729769     
   4.88513342539469        6.71705845991770      -0.104140114228832     
   4.88513342539469        7.02237929900487      -9.856153423258426E-002
   4.88513342539469        7.32770013809204      -9.323048913428357E-002
   5.19045426448186       0.000000000000000E+000 -0.144932717578232     
   5.19045426448186       0.305320839087168      -0.152568972397257     
   5.19045426448186       0.610641678174337      -0.158862090039613     
   5.19045426448186       0.915962517261505      -0.164275475739540     
   5.19045426448186        1.22128335634867      -0.169142524511178     
   5.19045426448186        1.52660419543584      -0.173433581907008     
   5.19045426448186        1.83192503452301      -0.176827184835395     
   5.19045426448186        2.13724587361018      -0.178921076977754     
   5.19045426448186        2.44256671269735      -0.179433695295807     
   5.19045426448186        2.74788755178452      -0.178289513572411     
   5.19045426448186        3.05320839087168      -0.175583437373170     
   5.19045426448186        3.35852922995885      -0.171501986009459     
   5.19045426448186        3.66385006904602      -0.166275526242750     
   5.19045426448186        3.96917090813319      -0.160162068980256     
   5.19045426448186        4.27449174722036      -0.153434718357274     
   5.19045426448186        4.57981258630753      -0.146361701128829     
   5.19045426448186        4.88513342539469      -0.139175307661699     
   5.19045426448186        5.19045426448186      -0.132048049712515     
   5.19045426448186        5.49577510356903      -0.125096435417542     
   5.19045426448186        5.80109594265620      -0.118402295266446     
   5.19045426448186        6.10641678174337      -0.112026161220427     
   5.19045426448186        6.41173762083054      -0.106001105411781     
   5.19045426448186        6.71705845991770      -0.100319709913523     
   5.19045426448186        7.02237929900487      -9.493549397694677E-002
   5.19045426448186        7.32770013809204      -8.978830869608076E-002
   5.49577510356903       0.000000000000000E+000 -0.132744648636768     
   5.49577510356903       0.305320839087168      -0.139523640588109     
   5.49577510356903       0.610641678174337      -0.145486617383635     
   5.49577510356903       0.915962517261505      -0.150723319510726     
   5.49577510356903        1.22128335634867      -0.155362668827846     
   5.49577510356903        1.52660419543584      -0.159440963622800     
   5.49577510356903        1.83192503452301      -0.162775334350625     
   5.49577510356903        2.13724587361018      -0.165043023345074     
   5.49577510356903        2.44256671269735      -0.165957696057378     
   5.49577510356903        2.74788755178452      -0.165381253790374     
   5.49577510356903        3.05320839087168      -0.163337140653276     
   5.49577510356903        3.35852922995885      -0.159966266258907     
   5.49577510356903        3.66385006904602      -0.155477827976148     
   5.49577510356903        3.96917090813319      -0.150116744183177     
   5.49577510356903        4.27449174722036      -0.144147208085649     
   5.49577510356903        4.57981258630753      -0.137837081256089     
   5.49577510356903        4.88513342539469      -0.131426919604768     
   5.49577510356903        5.19045426448186      -0.125097159406723     
   5.49577510356903        5.49577510356903      -0.118957109636979     
   5.49577510356903        5.80109594265620      -0.113056702997032     
   5.49577510356903        6.10641678174337      -0.107403574495343     
   5.49577510356903        6.41173762083054      -0.101973897530084     
   5.49577510356903        6.71705845991770      -9.674033226305413E-002
   5.49577510356903        7.02237929900487      -9.171499248889435E-002
   5.49577510356903        7.32770013809204      -8.691625582745668E-002
   5.80109594265620       0.000000000000000E+000 -0.125134882567158     
   5.80109594265620       0.305320839087168      -0.130691852986522     
   5.80109594265620       0.610641678174337      -0.135697866541546     
   5.80109594265620       0.915962517261505      -0.140215449872757     
   5.80109594265620        1.22128335634867      -0.144288536992552     
   5.80109594265620        1.52660419543584      -0.147898633066354     
   5.80109594265620        1.83192503452301      -0.150881663164961     
   5.80109594265620        2.13724587361018      -0.152971430829025     
   5.80109594265620        2.44256671269735      -0.153891159831299     
   5.80109594265620        2.74788755178452      -0.153483384884999     
   5.80109594265620        3.05320839087168      -0.151750656540248     
   5.80109594265620        3.35852922995885      -0.148830779093679     
   5.80109594265620        3.66385006904602      -0.144932511258284     
   5.80109594265620        3.96917090813319      -0.140270593878356     
   5.80109594265620        4.27449174722036      -0.135060200680124     
   5.80109594265620        4.57981258630753      -0.129537088894079     
   5.80109594265620        4.88513342539469      -0.123928416186587     
   5.80109594265620        5.19045426448186      -0.118403919060429     
   5.80109594265620        5.49577510356903      -0.113057437148989     
   5.80109594265620        5.80109594265620      -0.107919607610770     
   5.80109594265620        6.10641678174337      -0.102976834293935     
   5.80109594265620        6.41173762083054      -9.822720589323687E-002
   5.80109594265620        6.71705845991770      -9.363047190977730E-002
   5.80109594265620        7.02237929900487      -8.915235995746423E-002
   5.80109594265620        7.32770013809204      -8.479686178567770E-002
   6.10641678174337       0.000000000000000E+000 -0.120903328310530     
   6.10641678174337       0.305320839087168      -0.124904132598563     
   6.10641678174337       0.610641678174337      -0.128661933865788     
   6.10641678174337       0.915962517261505      -0.132129910545025     
   6.10641678174337        1.22128335634867      -0.135225853543445     
   6.10641678174337        1.52660419543584      -0.137997588255143     
   6.10641678174337        1.83192503452301      -0.140329323372125     
   6.10641678174337        2.13724587361018      -0.141957516133454     
   6.10641678174337        2.44256671269735      -0.142611220154573     
   6.10641678174337        2.74788755178452      -0.142129350067858     
   6.10641678174337        3.05320839087168      -0.140512218772594     
   6.10641678174337        3.35852922995885      -0.137931923388067     
   6.10641678174337        3.66385006904602      -0.134647095394400     
   6.10641678174337        3.96917090813319      -0.130790529749081     
   6.10641678174337        4.27449174722036      -0.126401600847490     
   6.10641678174337        4.57981258630753      -0.121661436346015     
   6.10641678174337        4.88513342539469      -0.116811569089100     
   6.10641678174337        5.19045426448186      -0.112028757304406     
   6.10641678174337        5.49577510356903      -0.107404877913893     
   6.10641678174337        5.80109594265620      -0.102977153399890     
   6.10641678174337        6.10641678174337      -9.881347077661987E-002
   6.10641678174337        6.41173762083054      -9.486434459213970E-002
   6.10641678174337        6.71705845991770      -9.101494187568999E-002
   6.10641678174337        7.02237929900487      -8.718721645745846E-002
   6.10641678174337        7.32770013809204      -8.333808566751207E-002
   6.41173762083054       0.000000000000000E+000 -0.117929586043842     
   6.41173762083054       0.305320839087168      -0.120173548455619     
   6.41173762083054       0.610641678174337      -0.123009080989601     
   6.41173762083054       0.915962517261505      -0.125498273633476     
   6.41173762083054        1.22128335634867      -0.127409019332341     
   6.41173762083054        1.52660419543584      -0.129106254818099     
   6.41173762083054        1.83192503452301      -0.130620437773178     
   6.41173762083054        2.13724587361018      -0.131671204314248     
   6.41173762083054        2.44256671269735      -0.131969461845707     
   6.41173762083054        2.74788755178452      -0.131328121335828     
   6.41173762083054        3.05320839087168      -0.129667713563959     
   6.41173762083054        3.35852922995885      -0.127302486042491     
   6.41173762083054        3.66385006904602      -0.124729029823270     
   6.41173762083054        3.96917090813319      -0.121927151944819     
   6.41173762083054        4.27449174722036      -0.118510938523566     
   6.41173762083054        4.57981258630753      -0.114465045641807     
   6.41173762083054        4.88513342539469      -0.110200871245693     
   6.41173762083054        5.19045426448186      -0.106004651195770     
   6.41173762083054        5.49577510356903      -0.101975480781265     
   6.41173762083054        5.80109594265620      -9.822737414916390E-002
   6.41173762083054        6.10641678174337      -9.486405016292879E-002
   6.41173762083054        6.41173762083054      -9.173616359043030E-002
   6.41173762083054        6.71705845991770      -8.865028557279092E-002
   6.41173762083054        7.02237929900487      -8.551433316283420E-002
   6.41173762083054        7.32770013809204      -8.225879505243298E-002
   6.71705845991770       0.000000000000000E+000 -0.113971065470995     
   6.71705845991770       0.305320839087168      -0.114713789467928     
   6.71705845991770       0.610641678174337      -0.117915450372306     
   6.71705845991770       0.915962517261505      -0.119567957195019     
   6.71705845991770        1.22128335634867      -0.120176280649029     
   6.71705845991770        1.52660419543584      -0.120801108436919     
   6.71705845991770        1.83192503452301      -0.121553130250177     
   6.71705845991770        2.13724587361018      -0.122121737736022     
   6.71705845991770        2.44256671269735      -0.122163610441596     
   6.71705845991770        2.74788755178452      -0.121393557163661     
   6.71705845991770        3.05320839087168      -0.119668622223737     
   6.71705845991770        3.35852922995885      -0.117570517508920     
   6.71705845991770        3.66385006904602      -0.115941215382258     
   6.71705845991770        3.96917090813319      -0.114351492625652     
   6.71705845991770        4.27449174722036      -0.111750264496819     
   6.71705845991770        4.57981258630753      -0.108118083154736     
   6.71705845991770        4.88513342539469      -0.104147800314693     
   6.71705845991770        5.19045426448186      -0.100324078582959     
   6.71705845991770        5.49577510356903      -9.674189533938067E-002
   6.71705845991770        5.80109594265620      -9.363020214325332E-002
   6.71705845991770        6.10641678174337      -9.101402391069929E-002
   6.71705845991770        6.41173762083054      -8.864962903184000E-002
   6.71705845991770        6.71705845991770      -8.618259188380546E-002
   6.71705845991770        7.02237929900487      -8.361901163011252E-002
   6.71705845991770        7.32770013809204      -8.114935394706362E-002
   7.02237929900487       0.000000000000000E+000 -0.110519442232481     
   7.02237929900487       0.305320839087168      -0.111370214197982     
   7.02237929900487       0.610641678174337      -0.113682751021212     
   7.02237929900487       0.915962517261505      -0.113467687675217     
   7.02237929900487        1.22128335634867      -0.112896007779328     
   7.02237929900487        1.52660419543584      -0.112803850884115     
   7.02237929900487        1.83192503452301      -0.113090862078392     
   7.02237929900487        2.13724587361018      -0.113418196365138     
   7.02237929900487        2.44256671269735      -0.113432474837994     
   7.02237929900487        2.74788755178452      -0.112838970211369     
   7.02237929900487        3.05320839087168      -0.111601855835395     
   7.02237929900487        3.35852922995885      -0.110414805123323     
   7.02237929900487        3.66385006904602      -0.110065258948286     
   7.02237929900487        3.96917090813319      -0.108929937735189     
   7.02237929900487        4.27449174722036      -0.106360193479146     
   7.02237929900487        4.57981258630753      -0.102575214404873     
   7.02237929900487        4.88513342539469      -9.857097907960695E-002
   7.02237929900487        5.19045426448186      -9.494037477131455E-002
   7.02237929900487        5.49577510356903      -9.171635402493739E-002
   7.02237929900487        5.80109594265620      -8.915155976760755E-002
   7.02237929900487        6.10641678174337      -8.718562745957424E-002
   7.02237929900487        6.41173762083054      -8.551300722230772E-002
   7.02237929900487        6.71705845991770      -8.361833844202804E-002
   7.02237929900487        7.02237929900487      -8.155815148073750E-002
   7.02237929900487        7.32770013809204      -7.992289549033949E-002
   7.32770013809204       0.000000000000000E+000 -0.107240721885152     
   7.32770013809204       0.305320839087168      -0.108866926637811     
   7.32770013809204       0.610641678174337      -0.107488020918556     
   7.32770013809204       0.915962517261505      -0.106046988736407     
   7.32770013809204        1.22128335634867      -0.105230470913989     
   7.32770013809204        1.52660419543584      -0.105036709039013     
   7.32770013809204        1.83192503452301      -0.105235922186381     
   7.32770013809204        2.13724587361018      -0.105566007781316     
   7.32770013809204        2.44256671269735      -0.105769146816993     
   7.32770013809204        2.74788755178452      -0.105805596870886     
   7.32770013809204        3.05320839087168      -0.105802084929116     
   7.32770013809204        3.35852922995885      -0.105999532083247     
   7.32770013809204        3.66385006904602      -0.105720104176570     
   7.32770013809204        3.96917090813319      -0.103993431544343     
   7.32770013809204        4.27449174722036      -0.101359541044777     
   7.32770013809204        4.57981258630753      -9.730379330057858E-002
   7.32770013809204        4.88513342539469      -9.324035677056600E-002
   7.32770013809204        5.19045426448186      -8.979316383873200E-002
   7.32770013809204        5.49577510356903      -8.691727177955777E-002
   7.32770013809204        5.80109594265620      -8.479552608319715E-002
   7.32770013809204        6.10641678174337      -8.333589507305041E-002
   7.32770013809204        6.41173762083054      -8.225677685486950E-002
   7.32770013809204        6.71705845991770      -8.114753569323079E-002
   7.32770013809204        7.02237929900487      -7.992099106778242E-002
   7.32770013809204        7.32770013809204      -7.762352182037412E-002
